day	hour	value
0	0	1.0
0	1	0.995628208657
0	2	0.989852094045
0	3	0.986864742403
0	4	0.986077180229
0	5	0.980261792484
0	6	0.971981830371
0	7	0.956000505611
0	8	0.951655019857
0	9	0.938855930401
0	10	0.927234170442
0	11	0.927157970683
0	12	0.925963968629
0	13	0.919460313048
0	14	0.813629222225
0	15	0.810734001895
0	16	0.810173556992
0	17	0.809514188253
0	18	0.803934439308
0	19	0.803140949114
0	20	0.799194740216
0	21	0.795011657513
0	22	0.792754934351
0	23	0.787417369729
0	24	0.780857274456
0	25	0.776808560209
0	26	0.772009210414
0	27	0.760841314496
0	28	0.756447046077
0	29	0.750601771231
0	30	0.745513306954
0	31	0.741579818599
0	32	0.734483361005
0	33	0.729456399937
0	34	0.722966082401
0	35	0.720246850168
0	36	0.717982222979
0	37	0.713233755357
0	38	0.710830313697
0	39	0.700674874216
0	40	0.711088553073
0	41	0.697497084927
0	42	0.696255411711
0	43	0.695282228407
0	44	0.694232721844
0	45	0.693187414295
0	46	0.6863855052
0	47	0.684305634639
1	0	0.995628208657
1	1	1.0
1	2	0.992741139354
1	3	0.989187661789
1	4	0.988280057208
1	5	0.982308811934
1	6	0.974008348752
1	7	0.957766438107
1	8	0.953455779471
1	9	0.940651502997
1	10	0.928905995618
1	11	0.928739887554
1	12	0.927474749259
1	13	0.920981467712
1	14	0.815156057909
1	15	0.812133632147
1	16	0.811593688314
1	17	0.810894058438
1	18	0.805283187388
1	19	0.804433381002
1	20	0.800478527075
1	21	0.796269015282
1	22	0.793939673874
1	23	0.788516646961
1	24	0.781927899591
1	25	0.777901909421
1	26	0.773089962584
1	27	0.761821043323
1	28	0.757395158796
1	29	0.751612128161
1	30	0.746466112689
1	31	0.742554113407
1	32	0.735491741928
1	33	0.730567533209
1	34	0.723999904411
1	35	0.721265605127
1	36	0.719077301197
1	37	0.714285361427
1	38	0.711828814587
1	39	0.701533819633
1	40	0.712042346812
1	41	0.698329354253
1	42	0.69708274102
1	43	0.695999642343
1	44	0.694948159773
1	45	0.693989302517
1	46	0.6870332649
1	47	0.685131481943
2	0	0.989852094045
2	1	0.992741139354
2	2	1.0
2	3	0.995402202889
2	4	0.994177696232
2	5	0.988051334431
2	6	0.979291943691
2	7	0.962861324405
2	8	0.958461251466
2	9	0.945595965785
2	10	0.933700775898
2	11	0.933566530942
2	12	0.932231491409
2	13	0.925659663596
2	14	0.819761882547
2	15	0.816704135665
2	16	0.816139244747
2	17	0.815482346016
2	18	0.809764770604
2	19	0.808904590183
2	20	0.804947513248
2	21	0.800648340151
2	22	0.79848918232
2	23	0.793032563294
2	24	0.786496921104
2	25	0.782395842679
2	26	0.777558454755
2	27	0.76625273237
2	28	0.761770284651
2	29	0.75608580735
2	30	0.750852353581
2	31	0.746950728334
2	32	0.739941462036
2	33	0.735100739601
2	34	0.728596343017
2	35	0.725795353507
2	36	0.723598157547
2	37	0.718750642588
2	38	0.716139226222
2	39	0.705288726382
2	40	0.716206286949
2	41	0.701751550872
2	42	0.700477520546
2	43	0.699355642737
2	44	0.698262911027
2	45	0.697330729862
2	46	0.690292440965
2	47	0.688605301737
3	0	0.986864742403
3	1	0.989187661789
3	2	0.995402202889
3	3	1.0
3	4	0.997637560479
3	5	0.991456611493
3	6	0.982650537594
3	7	0.966171259143
3	8	0.961613599669
3	9	0.948746831983
3	10	0.936774330833
3	11	0.936610939778
3	12	0.935232428098
3	13	0.928631454186
3	14	0.821582649228
3	15	0.818605671621
3	16	0.818052389742
3	17	0.817325589775
3	18	0.81156898823
3	19	0.810662124651
3	20	0.806631194465
3	21	0.802267307148
3	22	0.800125439376
3	23	0.794570514016
3	24	0.787969169602
3	25	0.78381276299
3	26	0.778943758959
3	27	0.767591847416
3	28	0.763032335436
3	29	0.757174463547
3	30	0.75183554042
3	31	0.747887479015
3	32	0.740884881739
3	33	0.736000934157
3	34	0.729268061797
3	35	0.726346041876
3	36	0.724180215023
3	37	0.71909879027
3	38	0.716282857209
3	39	0.705434333376
3	40	0.716248894594
3	41	0.701830220639
3	42	0.700598921459
3	43	0.69944789755
3	44	0.698335652774
3	45	0.697330359361
3	46	0.69034690465
3	47	0.689216752313
4	0	0.986077180229
4	1	0.988280057208
4	2	0.994177696232
4	3	0.997637560479
4	4	1.0
4	5	0.993024449316
4	6	0.9838303371
4	7	0.967117395855
4	8	0.962671627761
4	9	0.949700131719
4	10	0.9376777364
4	11	0.937486928252
4	12	0.93610199455
4	13	0.929587964934
4	14	0.822491241813
4	15	0.81941842788
4	16	0.818823896862
4	17	0.81802225564
4	18	0.812312831255
4	19	0.811332608427
4	20	0.807326872327
4	21	0.802976323055
4	22	0.800793947146
4	23	0.795238033782
4	24	0.788690782552
4	25	0.784491397794
4	26	0.779586825642
4	27	0.768209473013
4	28	0.763667745093
4	29	0.757811849211
4	30	0.752437110962
4	31	0.748456692448
4	32	0.741425443075
4	33	0.736566195576
4	34	0.729852342281
4	35	0.726890308224
4	36	0.724614812998
4	37	0.719281694391
4	38	0.71635386995
4	39	0.705401605765
4	40	0.716278905196
4	41	0.701693752676
4	42	0.700485424573
4	43	0.6994919872
4	44	0.698395056476
4	45	0.697360122962
4	46	0.690288488952
4	47	0.689238611887
5	0	0.980261792484
5	1	0.982308811934
5	2	0.988051334431
5	3	0.991456611493
5	4	0.993024449316
5	5	1.0
5	6	0.989913473754
5	7	0.97290042649
5	8	0.96837635913
5	9	0.955353733915
5	10	0.943252545328
5	11	0.943147199471
5	12	0.94166568844
5	13	0.935102752658
5	14	0.826946642941
5	15	0.823775275673
5	16	0.823129862482
5	17	0.822289195127
5	18	0.816440215269
5	19	0.815448383401
5	20	0.811414736206
5	21	0.806941180517
5	22	0.804700265409
5	23	0.799038388685
5	24	0.792419754213
5	25	0.788177144308
5	26	0.783244661061
5	27	0.771748995031
5	28	0.767184543033
5	29	0.761284187
5	30	0.7558941347
5	31	0.751823560879
5	32	0.744688324153
5	33	0.73958627483
5	34	0.7327442281
5	35	0.729659681627
5	36	0.727284892064
5	37	0.721764546821
5	38	0.718617879637
5	39	0.707453688732
5	40	0.718247748881
5	41	0.703347670291
5	42	0.702033131828
5	43	0.701012771364
5	44	0.699804690262
5	45	0.698687011467
5	46	0.691494347046
5	47	0.690382472771
6	0	0.971981830371
6	1	0.974008348752
6	2	0.979291943691
6	3	0.982650537594
6	4	0.9838303371
6	5	0.989913473754
6	6	1.0
6	7	0.981792950683
6	8	0.977035714531
6	9	0.963857478787
6	10	0.951729120108
6	11	0.951474585744
6	12	0.950015798791
6	13	0.943387407786
6	14	0.835242907108
6	15	0.832016211653
6	16	0.831369810458
6	17	0.830607689371
6	18	0.82476093252
6	19	0.823758973618
6	20	0.819720386406
6	21	0.81514160836
6	22	0.812870065147
6	23	0.807150143227
6	24	0.80047716857
6	25	0.796213810595
6	26	0.791284044357
6	27	0.779631285793
6	28	0.775013975616
6	29	0.768999752196
6	30	0.763571908768
6	31	0.75945218178
6	32	0.752284587944
6	33	0.747075093257
6	34	0.740126589165
6	35	0.737002275557
6	36	0.734656879094
6	37	0.729061939598
6	38	0.725878222288
6	39	0.714527051748
6	40	0.725038789938
6	41	0.710028548974
6	42	0.708543332932
6	43	0.707320184779
6	44	0.706031334403
6	45	0.704883521506
6	46	0.697778789383
6	47	0.696728171316
7	0	0.956000505611
7	1	0.957766438107
7	2	0.962861324405
7	3	0.966171259143
7	4	0.967117395855
7	5	0.97290042649
7	6	0.981792950683
7	7	1.0
7	8	0.994346644805
7	9	0.980924619234
7	10	0.968566549776
7	11	0.968333504484
7	12	0.966931280723
7	13	0.960304124723
7	14	0.852059835706
7	15	0.848698030792
7	16	0.847966414308
7	17	0.847119818934
7	18	0.841202172842
7	19	0.840171067841
7	20	0.836155204706
7	21	0.831478120326
7	22	0.829230042193
7	23	0.823440713037
7	24	0.816704506166
7	25	0.8124144721
7	26	0.807479518845
7	27	0.795817374249
7	28	0.791200311073
7	29	0.785131747469
7	30	0.779743424174
7	31	0.775505383785
7	32	0.768147352302
7	33	0.762904265501
7	34	0.755764088758
7	35	0.752582717956
7	36	0.750140003163
7	37	0.744369940072
7	38	0.740994550112
7	39	0.729386251699
7	40	0.739683593161
7	41	0.723992123884
7	42	0.722049462288
7	43	0.720815199098
7	44	0.719295649939
7	45	0.71794702536
7	46	0.710799068091
7	47	0.710128337313
8	0	0.951655019857
8	1	0.953455779471
8	2	0.958461251466
8	3	0.961613599669
8	4	0.962671627761
8	5	0.96837635913
8	6	0.977035714531
8	7	0.994346644805
8	8	1.0
8	9	0.985982949409
8	10	0.973531266632
8	11	0.973168051899
8	12	0.971620097643
8	13	0.965048763832
8	14	0.856786196753
8	15	0.853300644419
8	16	0.8526764733
8	17	0.851886688118
8	18	0.845903092802
8	19	0.84473910135
8	20	0.840683471081
8	21	0.83595599853
8	22	0.833756579562
8	23	0.827884505125
8	24	0.82109716908
8	25	0.816685610602
8	26	0.811769182409
8	27	0.800036642574
8	28	0.795378330258
8	29	0.789336195744
8	30	0.783928853384
8	31	0.779644129837
8	32	0.772141602864
8	33	0.766749327556
8	34	0.759497259433
8	35	0.756198316232
8	36	0.753674585164
8	37	0.747696547367
8	38	0.744294481316
8	39	0.732561200478
8	40	0.742724173484
8	41	0.726619471805
8	42	0.724443394416
8	43	0.723024127598
8	44	0.721423562163
8	45	0.719954401175
8	46	0.712735060664
8	47	0.711899827328
9	0	0.938855930401
9	1	0.940651502997
9	2	0.945595965785
9	3	0.948746831983
9	4	0.949700131719
9	5	0.955353733915
9	6	0.963857478787
9	7	0.980924619234
9	8	0.985982949409
9	9	1.0
9	10	0.986561301872
9	11	0.986275151401
9	12	0.984672362959
9	13	0.977923929546
9	14	0.868529110623
9	15	0.864821257534
9	16	0.864245992581
9	17	0.863251937706
9	18	0.857378751765
9	19	0.856197717255
9	20	0.852176914104
9	21	0.847331622153
9	22	0.845274722669
9	23	0.83921962061
9	24	0.832416476512
9	25	0.827937486805
9	26	0.822963013415
9	27	0.811174157389
9	28	0.80652967712
9	29	0.800465559531
9	30	0.794941385775
9	31	0.790591454006
9	32	0.782947642553
9	33	0.777430878822
9	34	0.769940948892
9	35	0.766680290821
9	36	0.76406739245
9	37	0.7579265811
9	38	0.754204401962
9	39	0.742333294657
9	40	0.75209785531
9	41	0.735475192872
9	42	0.733016052523
9	43	0.731214181405
9	44	0.729416262301
9	45	0.72784928898
9	46	0.720518057089
9	47	0.719834729269
10	0	0.927234170442
10	1	0.928905995618
10	2	0.933700775898
10	3	0.936774330833
10	4	0.9376777364
10	5	0.943252545328
10	6	0.951729120108
10	7	0.968566549776
10	8	0.973531266632
10	9	0.986561301872
10	10	1.0
10	11	0.996325492024
10	12	0.996790100602
10	13	0.988818025034
10	14	0.879211032391
10	15	0.875511824331
10	16	0.874842452059
10	17	0.874013146743
10	18	0.868001146331
10	19	0.866972017337
10	20	0.863024326433
10	21	0.858108392243
10	22	0.855952198422
10	23	0.849894626355
10	24	0.843111983326
10	25	0.838547531328
10	26	0.833592571005
10	27	0.821823722047
10	28	0.817154541694
10	29	0.81106844103
10	30	0.805641832605
10	31	0.801318823928
10	32	0.79373256367
10	33	0.788116505603
10	34	0.780390442871
10	35	0.776939594154
10	36	0.774277542616
10	37	0.768124134223
10	38	0.764156436252
10	39	0.751783670244
10	40	0.760938879828
10	41	0.74344455143
10	42	0.740754712297
10	43	0.738688797283
10	44	0.736638196321
10	45	0.734984525706
10	46	0.727453223136
10	47	0.726601687744
11	0	0.927157970683
11	1	0.928739887554
11	2	0.933566530942
11	3	0.936610939778
11	4	0.937486928252
11	5	0.943147199471
11	6	0.951474585744
11	7	0.968333504484
11	8	0.973168051899
11	9	0.986275151401
11	10	0.996325492024
11	11	1.0
11	12	0.997705115208
11	13	0.989048353316
11	14	0.880690690915
11	15	0.8768867545
11	16	0.876066217714
11	17	0.874935818376
11	18	0.869173782812
11	19	0.867828739746
11	20	0.863832636678
11	21	0.858820619161
11	22	0.856696288448
11	23	0.850507805937
11	24	0.843786913117
11	25	0.83911353375
11	26	0.833977521812
11	27	0.821975751063
11	28	0.817460452233
11	29	0.811375586573
11	30	0.805944285132
11	31	0.801500493045
11	32	0.793914479788
11	33	0.788190235353
11	34	0.780355492252
11	35	0.776795716166
11	36	0.774145520668
11	37	0.767691018253
11	38	0.76362279094
11	39	0.751111704462
11	40	0.76034743632
11	41	0.742815810795
11	42	0.740402612602
11	43	0.738338673594
11	44	0.736269300568
11	45	0.734616370956
11	46	0.727068025328
11	47	0.726205127898
12	0	0.925963968629
12	1	0.927474749259
12	2	0.932231491409
12	3	0.935232428098
12	4	0.93610199455
12	5	0.94166568844
12	6	0.950015798791
12	7	0.966931280723
12	8	0.971620097643
12	9	0.984672362959
12	10	0.996790100602
12	11	0.997705115208
12	12	1.0
12	13	0.99078995623
12	14	0.881068108196
12	15	0.877058420083
12	16	0.876227756262
12	17	0.875106001954
12	18	0.869458574779
12	19	0.868243454154
12	20	0.864132495696
12	21	0.859131099215
12	22	0.857050487651
12	23	0.850844221079
12	24	0.844090724149
12	25	0.839497126053
12	26	0.834378898175
12	27	0.822395652489
12	28	0.817893197702
12	29	0.811800922017
12	30	0.806336028462
12	31	0.801813937109
12	32	0.794181487695
12	33	0.78843377818
12	34	0.78058767304
12	35	0.777101503204
12	36	0.774438957664
12	37	0.767920482032
12	38	0.763852007719
12	39	0.751299178099
12	40	0.760464267716
12	41	0.742915352133
12	42	0.740584899221
12	43	0.73845525799
12	44	0.736385884964
12	45	0.734731720348
12	46	0.727129281536
12	47	0.726250576052
13	0	0.919460313048
13	1	0.920981467712
13	2	0.925659663596
13	3	0.928631454186
13	4	0.929587964934
13	5	0.935102752658
13	6	0.943387407786
13	7	0.960304124723
13	8	0.965048763832
13	9	0.977923929546
13	10	0.988818025034
13	11	0.989048353316
13	12	0.99078995623
13	13	1.0
13	14	0.888212730954
13	15	0.884233917945
13	16	0.883336563898
13	17	0.881151964981
13	18	0.875274333025
13	19	0.873929536959
13	20	0.870798430828
13	21	0.865784437305
13	22	0.863572668295
13	23	0.857352816677
13	24	0.850756412281
13	25	0.846342877796
13	26	0.84110436051
13	27	0.829274255343
13	28	0.824653240154
13	29	0.818548614427
13	30	0.813037778716
13	31	0.808419110035
13	32	0.800663160202
13	33	0.7949781889
13	34	0.787255090178
13	35	0.783772625354
13	36	0.780993495418
13	37	0.774398696527
13	38	0.77052955189
13	39	0.758043165496
13	40	0.766972616314
13	41	0.74906703152
13	42	0.74636039633
13	43	0.744235695116
13	44	0.742166816092
13	45	0.740468932327
13	46	0.732736077072
13	47	0.731687929013
14	0	0.813629222225
14	1	0.815156057909
14	2	0.819761882547
14	3	0.821582649228
14	4	0.822491241813
14	5	0.826946642941
14	6	0.835242907108
14	7	0.852059835706
14	8	0.856786196753
14	9	0.868529110623
14	10	0.879211032391
14	11	0.880690690915
14	12	0.881068108196
14	13	0.888212730954
14	14	1.0
14	15	0.992755094902
14	16	0.989352411349
14	17	0.990235562847
14	18	0.983246427117
14	19	0.981741574508
14	20	0.974555455609
14	21	0.966243012887
14	22	0.961774891216
14	23	0.955775611347
14	24	0.943872393933
14	25	0.931649433933
14	26	0.921714442701
14	27	0.906998626737
14	28	0.897468716881
14	29	0.887112712719
14	30	0.875455755141
14	31	0.866088742338
14	32	0.851712923028
14	33	0.843724915907
14	34	0.83512842222
14	35	0.829551884286
14	36	0.821782102406
14	37	0.812259108573
14	38	0.803596912662
14	39	0.789510207835
14	40	0.800203985643
14	41	0.780433791518
14	42	0.778109513626
14	43	0.774734494167
14	44	0.77121275621
14	45	0.767820199692
14	46	0.758343024514
14	47	0.752201966164
15	0	0.810734001895
15	1	0.812133632147
15	2	0.816704135665
15	3	0.818605671621
15	4	0.81941842788
15	5	0.823775275673
15	6	0.832016211653
15	7	0.848698030792
15	8	0.853300644419
15	9	0.864821257534
15	10	0.875511824331
15	11	0.8768867545
15	12	0.877058420083
15	13	0.884233917945
15	14	0.992755094902
15	15	1.0
15	16	0.995748127564
15	17	0.99414768563
15	18	0.988958445011
15	19	0.987498299554
15	20	0.980403323964
15	21	0.971887352551
15	22	0.967315737529
15	23	0.961302625613
15	24	0.949386317154
15	25	0.937135199058
15	26	0.927168097717
15	27	0.912349776406
15	28	0.902579287732
15	29	0.892230199595
15	30	0.880450482599
15	31	0.871247231352
15	32	0.856704933477
15	33	0.848719643365
15	34	0.839930983026
15	35	0.834388778208
15	36	0.826608622293
15	37	0.817114280557
15	38	0.808334018246
15	39	0.794088244878
15	40	0.804908240115
15	41	0.784673437412
15	42	0.782426223783
15	43	0.778904238825
15	44	0.775393121904
15	45	0.771923254122
15	46	0.762295161433
15	47	0.755806572902
16	0	0.810173556992
16	1	0.811593688314
16	2	0.816139244747
16	3	0.818052389742
16	4	0.818823896862
16	5	0.823129862482
16	6	0.831369810458
16	7	0.847966414308
16	8	0.8526764733
16	9	0.864245992581
16	10	0.874842452059
16	11	0.876066217714
16	12	0.876227756262
16	13	0.883336563898
16	14	0.989352411349
16	15	0.995748127564
16	16	1.0
16	17	0.992923302473
16	18	0.987560420265
16	19	0.985879703058
16	20	0.983416487195
16	21	0.974716253155
16	22	0.970386945956
16	23	0.964092747086
16	24	0.952058866228
16	25	0.939795645091
16	26	0.929708995344
16	27	0.915169537979
16	28	0.905484264595
16	29	0.894967215887
16	30	0.882989651221
16	31	0.873668086572
16	32	0.85926509717
16	33	0.851096038434
16	34	0.842274032981
16	35	0.836716761113
16	36	0.828921044144
16	37	0.819227866733
16	38	0.810425868348
16	39	0.795860722896
16	40	0.806624895943
16	41	0.78562686065
16	42	0.783185010359
16	43	0.779542982993
16	44	0.775984441911
16	45	0.772466655967
16	46	0.762752606986
16	47	0.756270687478
17	0	0.809514188253
17	1	0.810894058438
17	2	0.815482346016
17	3	0.817325589775
17	4	0.81802225564
17	5	0.822289195127
17	6	0.830607689371
17	7	0.847119818934
17	8	0.851886688118
17	9	0.863251937706
17	10	0.874013146743
17	11	0.874935818376
17	12	0.875106001954
17	13	0.881151964981
17	14	0.990235562847
17	15	0.99414768563
17	16	0.992923302473
17	17	1.0
17	18	0.991632105589
17	19	0.989822206944
17	20	0.980551400967
17	21	0.971779536684
17	22	0.967206933659
17	23	0.961165416647
17	24	0.949020385411
17	25	0.936539556536
17	26	0.926651248463
17	27	0.911676822621
17	28	0.901898923922
17	29	0.891264796817
17	30	0.879435432653
17	31	0.870244284447
17	32	0.855715324617
17	33	0.847531445831
17	34	0.838612369049
17	35	0.832918258716
17	36	0.825372753597
17	37	0.815592631891
17	38	0.806905488896
17	39	0.792360350511
17	40	0.803419195559
17	41	0.783207857936
17	42	0.780999670439
17	43	0.777525603644
17	44	0.774027330766
17	45	0.770535973912
17	46	0.760812044897
17	47	0.754610471341
18	0	0.803934439308
18	1	0.805283187388
18	2	0.809764770604
18	3	0.81156898823
18	4	0.812312831255
18	5	0.816440215269
18	6	0.82476093252
18	7	0.841202172842
18	8	0.845903092802
18	9	0.857378751765
18	10	0.868001146331
18	11	0.869173782812
18	12	0.869458574779
18	13	0.875274333025
18	14	0.983246427117
18	15	0.988958445011
18	16	0.987560420265
18	17	0.991632105589
18	18	1.0
18	19	0.997243841142
18	20	0.987528433656
18	21	0.978733845296
18	22	0.973914735434
18	23	0.967886309466
18	24	0.955692619065
18	25	0.942873646042
18	26	0.932936678803
18	27	0.917673755982
18	28	0.907904996314
18	29	0.897216776025
18	30	0.885178943154
18	31	0.875794640292
18	32	0.860949519389
18	33	0.852480848636
18	34	0.843470875544
18	35	0.837476659193
18	36	0.829459629473
18	37	0.819206501161
18	38	0.810237036207
18	39	0.79569412083
18	40	0.80661513941
18	41	0.786169150991
18	42	0.784059516828
18	43	0.780552845922
18	44	0.777041729001
18	45	0.773601748321
18	46	0.763712575745
18	47	0.757584608439
19	0	0.803140949114
19	1	0.804433381002
19	2	0.808904590183
19	3	0.810662124651
19	4	0.811332608427
19	5	0.815448383401
19	6	0.823758973618
19	7	0.840171067841
19	8	0.84473910135
19	9	0.856197717255
19	10	0.866972017337
19	11	0.867828739746
19	12	0.868243454154
19	13	0.873929536959
19	14	0.981741574508
19	15	0.987498299554
19	16	0.985879703058
19	17	0.989822206944
19	18	0.997243841142
19	19	1.0
19	20	0.98952951095
19	21	0.980341450254
19	22	0.975145170112
19	23	0.969288903728
19	24	0.957007281029
19	25	0.944214243093
19	26	0.934178228519
19	27	0.918896780634
19	28	0.909054167716
19	29	0.898265171085
19	30	0.886193252098
19	31	0.876767206094
19	32	0.861791668748
19	33	0.85321851664
19	34	0.843994393822
19	35	0.837914221178
19	36	0.829868045359
19	37	0.819496603646
19	38	0.810434266377
19	39	0.79587060293
19	40	0.806904747893
19	41	0.786521991689
19	42	0.784156958659
19	43	0.780634232698
19	44	0.777106566721
19	45	0.77367498407
19	46	0.763736658327
19	47	0.757653645174
20	0	0.799194740216
20	1	0.800478527075
20	2	0.804947513248
20	3	0.806631194465
20	4	0.807326872327
20	5	0.811414736206
20	6	0.819720386406
20	7	0.836155204706
20	8	0.840683471081
20	9	0.852176914104
20	10	0.863024326433
20	11	0.863832636678
20	12	0.864132495696
20	13	0.870798430828
20	14	0.974555455609
20	15	0.980403323964
20	16	0.983416487195
20	17	0.980551400967
20	18	0.987528433656
20	19	0.98952951095
20	20	1.0
20	21	0.989716243584
20	22	0.984497239364
20	23	0.978305545842
20	24	0.966014784112
20	25	0.953069099658
20	26	0.942762619165
20	27	0.927512540387
20	28	0.917692404545
20	29	0.906945398056
20	30	0.894641298281
20	31	0.885126825977
20	32	0.869923553858
20	33	0.861177254162
20	34	0.851832841935
20	35	0.845696353101
20	36	0.837292520067
20	37	0.82669037957
20	38	0.817347943351
20	39	0.802257674115
20	40	0.813057909285
20	41	0.791449287918
20	42	0.788860225128
20	43	0.785088522322
20	44	0.781364984679
20	45	0.777860783782
20	46	0.767787101579
20	47	0.761597384064
21	0	0.795011657513
21	1	0.796269015282
21	2	0.800648340151
21	3	0.802267307148
21	4	0.802976323055
21	5	0.806941180517
21	6	0.81514160836
21	7	0.831478120326
21	8	0.83595599853
21	9	0.847331622153
21	10	0.858108392243
21	11	0.858820619161
21	12	0.859131099215
21	13	0.865784437305
21	14	0.966243012887
21	15	0.971887352551
21	16	0.974716253155
21	17	0.971779536684
21	18	0.978733845296
21	19	0.980341450254
21	20	0.989716243584
21	21	1.0
21	22	0.993615645824
21	23	0.987029985964
21	24	0.974462336293
21	25	0.961562840996
21	26	0.951100255973
21	27	0.935918596428
21	28	0.92594062705
21	29	0.91488709252
21	30	0.902183345388
21	31	0.892421131243
21	32	0.877175127979
21	33	0.868344847998
21	34	0.859338085918
21	35	0.853300644419
21	36	0.844635731499
21	37	0.833720887941
21	38	0.824076616696
21	39	0.808819868896
21	40	0.819151790475
21	41	0.797365081504
21	42	0.794387733395
21	43	0.79045720905
21	44	0.786436529399
21	45	0.782977529654
21	46	0.772674136672
21	47	0.766701532893
22	0	0.792754934351
22	1	0.793939673874
22	2	0.79848918232
22	3	0.800125439376
22	4	0.800793947146
22	5	0.804700265409
22	6	0.812870065147
22	7	0.829230042193
22	8	0.833756579562
22	9	0.845274722669
22	10	0.855952198422
22	11	0.856696288448
22	12	0.857050487651
22	13	0.863572668295
22	14	0.961774891216
22	15	0.967315737529
22	16	0.970386945956
22	17	0.967206933659
22	18	0.973914735434
22	19	0.975145170112
22	20	0.984497239364
22	21	0.993615645824
22	22	1.0
22	23	0.992280112289
22	24	0.979579082166
22	25	0.966127292994
22	26	0.955545653566
22	27	0.940265193685
22	28	0.930193116988
22	29	0.91952860878
22	30	0.906803125573
22	31	0.896776867532
22	32	0.881061315673
22	33	0.872098643243
22	34	0.863021485924
22	35	0.856797805793
22	36	0.848076329681
22	37	0.836974259487
22	38	0.827307758167
22	39	0.811577756759
22	40	0.820948351075
22	41	0.798991458526
22	42	0.795900490031
22	43	0.792072224033
22	44	0.788008566236
22	45	0.784585875615
22	46	0.774285199642
22	47	0.767801304127
23	0	0.787417369729
23	1	0.788516646961
23	2	0.793032563294
23	3	0.794570514016
23	4	0.795238033782
23	5	0.799038388685
23	6	0.807150143227
23	7	0.823440713037
23	8	0.827884505125
23	9	0.83921962061
23	10	0.849894626355
23	11	0.850507805937
23	12	0.850844221079
23	13	0.857352816677
23	14	0.955775611347
23	15	0.961302625613
23	16	0.964092747086
23	17	0.961165416647
23	18	0.967886309466
23	19	0.969288903728
23	20	0.978305545842
23	21	0.987029985964
23	22	0.992280112289
23	23	1.0
23	24	0.986241312286
23	25	0.972751237984
23	26	0.962266916887
23	27	0.946323506755
23	28	0.93584264367
23	29	0.924906187538
23	30	0.91216267327
23	31	0.901946718585
23	32	0.885899691601
23	33	0.876842911851
23	34	0.867724752392
23	35	0.861343238726
23	36	0.852256448374
23	37	0.840814505025
23	38	0.831092181516
23	39	0.815148771384
23	40	0.82456950687
23	41	0.802243348067
23	42	0.799094828377
23	43	0.795339674627
23	44	0.791283426855
23	45	0.787844434179
23	46	0.777464964938
23	47	0.77078272775
24	0	0.780857274456
24	1	0.781927899591
24	2	0.786496921104
24	3	0.787969169602
24	4	0.788690782552
24	5	0.792419754213
24	6	0.80047716857
24	7	0.816704506166
24	8	0.82109716908
24	9	0.832416476512
24	10	0.843111983326
24	11	0.843786913117
24	12	0.844090724149
24	13	0.850756412281
24	14	0.943872393933
24	15	0.949386317154
24	16	0.952058866228
24	17	0.949020385411
24	18	0.955692619065
24	19	0.957007281029
24	20	0.966014784112
24	21	0.974462336293
24	22	0.979579082166
24	23	0.986241312286
24	24	1.0
24	25	0.985596269596
24	26	0.974156796256
24	27	0.95821215112
24	28	0.94736177478
24	29	0.936000477206
24	30	0.923064302284
24	31	0.912793513412
24	32	0.896406860275
24	33	0.886972169242
24	34	0.877689507225
24	35	0.871046913672
24	36	0.861531576865
24	37	0.849963663089
24	38	0.840206512461
24	39	0.823619912145
24	40	0.832704973492
24	41	0.810313112466
24	42	0.806839292671
24	43	0.802847265117
24	44	0.798610706733
24	45	0.795271749396
24	46	0.784652689342
24	47	0.777864241794
25	0	0.776808560209
25	1	0.777901909421
25	2	0.782395842679
25	3	0.78381276299
25	4	0.784491397794
25	5	0.788177144308
25	6	0.796213810595
25	7	0.8124144721
25	8	0.816685610602
25	9	0.827937486805
25	10	0.838547531328
25	11	0.83911353375
25	12	0.839497126053
25	13	0.846342877796
25	14	0.931649433933
25	15	0.937135199058
25	16	0.939795645091
25	17	0.936539556536
25	18	0.942873646042
25	19	0.944214243093
25	20	0.953069099658
25	21	0.961562840996
25	22	0.966127292994
25	23	0.972751237984
25	24	0.985596269596
25	25	1.0
25	26	0.987288966343
25	27	0.971179324647
25	28	0.96053025399
25	29	0.948406217826
25	30	0.935472018911
25	31	0.924995725342
25	32	0.908175585733
25	33	0.898070040422
25	34	0.888720194177
25	35	0.882099830699
25	36	0.871952418746
25	37	0.859278188214
25	38	0.848686915754
25	39	0.831563088615
25	40	0.840203795452
25	41	0.816648313475
25	42	0.812903780762
25	43	0.808750708661
25	44	0.804134509988
25	45	0.800700457328
25	46	0.789714601028
25	47	0.782706075733
26	0	0.772009210414
26	1	0.773089962584
26	2	0.777558454755
26	3	0.778943758959
26	4	0.779586825642
26	5	0.783244661061
26	6	0.791284044357
26	7	0.807479518845
26	8	0.811769182409
26	9	0.822963013415
26	10	0.833592571005
26	11	0.833977521812
26	12	0.834378898175
26	13	0.84110436051
26	14	0.921714442701
26	15	0.927168097717
26	16	0.929708995344
26	17	0.926651248463
26	18	0.932936678803
26	19	0.934178228519
26	20	0.942762619165
26	21	0.951100255973
26	22	0.955545653566
26	23	0.962266916887
26	24	0.974156796256
26	25	0.987288966343
26	26	1.0
26	27	0.981475184104
26	28	0.970609987714
26	29	0.958367885149
26	30	0.944992295735
26	31	0.93444955894
26	32	0.917251014047
26	33	0.907235871043
26	34	0.897271733712
26	35	0.890631363166
26	36	0.880267331478
26	37	0.866843700401
26	38	0.856459414644
26	39	0.838394267308
26	40	0.84707153027
26	41	0.822866189086
26	42	0.819094733281
26	43	0.815209657091
26	44	0.810709301811
26	45	0.807366639462
26	46	0.79619750854
26	47	0.788658919444
27	0	0.760841314496
27	1	0.761821043323
27	2	0.76625273237
27	3	0.767591847416
27	4	0.768209473013
27	5	0.771748995031
27	6	0.779631285793
27	7	0.795817374249
27	8	0.800036642574
27	9	0.811174157389
27	10	0.821823722047
27	11	0.821975751063
27	12	0.822395652489
27	13	0.829274255343
27	14	0.906998626737
27	15	0.912349776406
27	16	0.915169537979
27	17	0.911676822621
27	18	0.917673755982
27	19	0.918896780634
27	20	0.927512540387
27	21	0.935918596428
27	22	0.940265193685
27	23	0.946323506755
27	24	0.95821215112
27	25	0.971179324647
27	26	0.981475184104
27	27	1.0
27	28	0.987646129556
27	29	0.97416383578
27	30	0.960307088733
27	31	0.949061387551
27	32	0.930982778669
27	33	0.920393358716
27	34	0.910456638478
27	35	0.903602365206
27	36	0.892524254093
27	37	0.87848904894
27	38	0.866894459073
27	39	0.848648507124
27	40	0.85774542451
27	41	0.833267394401
27	42	0.82898761087
27	43	0.824673988224
27	44	0.820975397667
27	45	0.817586546161
27	46	0.806129659262
27	47	0.797457336317
28	0	0.756447046077
28	1	0.757395158796
28	2	0.761770284651
28	3	0.763032335436
28	4	0.763667745093
28	5	0.767184543033
28	6	0.775013975616
28	7	0.791200311073
28	8	0.795378330258
28	9	0.80652967712
28	10	0.817154541694
28	11	0.817460452233
28	12	0.817893197702
28	13	0.824653240154
28	14	0.897468716881
28	15	0.902579287732
28	16	0.905484264595
28	17	0.901898923922
28	18	0.907904996314
28	19	0.909054167716
28	20	0.917692404545
28	21	0.92594062705
28	22	0.930193116988
28	23	0.93584264367
28	24	0.94736177478
28	25	0.96053025399
28	26	0.970609987714
28	27	0.987646129556
28	28	1.0
28	29	0.98514981558
28	30	0.970937387325
28	31	0.958895849441
28	32	0.940193069441
28	33	0.929581913413
28	34	0.919624939107
28	35	0.913023594693
28	36	0.901595236391
28	37	0.886851879834
28	38	0.874164311256
28	39	0.85524182401
28	40	0.864516829001
28	41	0.839202948054
28	42	0.83493403256
28	43	0.830570268744
28	44	0.82690230629
28	45	0.823607315103
28	46	0.811789559979
28	47	0.802444900751
29	0	0.750601771231
29	1	0.751612128161
29	2	0.75608580735
29	3	0.757174463547
29	4	0.757811849211
29	5	0.761284187
29	6	0.768999752196
29	7	0.785131747469
29	8	0.789336195744
29	9	0.800465559531
29	10	0.81106844103
29	11	0.811375586573
29	12	0.811800922017
29	13	0.818548614427
29	14	0.887112712719
29	15	0.892230199595
29	16	0.894967215887
29	17	0.891264796817
29	18	0.897216776025
29	19	0.898265171085
29	20	0.906945398056
29	21	0.91488709252
29	22	0.91952860878
29	23	0.924906187538
29	24	0.936000477206
29	25	0.948406217826
29	26	0.958367885149
29	27	0.97416383578
29	28	0.98514981558
29	29	1.0
29	30	0.984078078941
29	31	0.971782130193
29	32	0.952047380689
29	33	0.941073133429
29	34	0.930914606438
29	35	0.923881504559
29	36	0.911813414084
29	37	0.896518010653
29	38	0.882713751284
29	39	0.863023832432
29	40	0.871949578237
29	41	0.845765760336
29	42	0.841723838613
29	43	0.837431458039
29	44	0.833476974613
29	45	0.830222244562
29	46	0.818120932475
29	47	0.807361946446
30	0	0.745513306954
30	1	0.746466112689
30	2	0.750852353581
30	3	0.75183554042
30	4	0.752437110962
30	5	0.7558941347
30	6	0.763571908768
30	7	0.779743424174
30	8	0.783928853384
30	9	0.794941385775
30	10	0.805641832605
30	11	0.805944285132
30	12	0.806336028462
30	13	0.813037778716
30	14	0.875455755141
30	15	0.880450482599
30	16	0.882989651221
30	17	0.879435432653
30	18	0.885178943154
30	19	0.886193252098
30	20	0.894641298281
30	21	0.902183345388
30	22	0.906803125573
30	23	0.91216267327
30	24	0.923064302284
30	25	0.935472018911
30	26	0.944992295735
30	27	0.960307088733
30	28	0.970937387325
30	29	0.984078078941
30	30	1.0
30	31	0.985638383239
30	32	0.964550069139
30	33	0.953653133141
30	34	0.943093723789
30	35	0.935005187326
30	36	0.923619560169
30	37	0.907556725132
30	38	0.892560192715
30	39	0.87194747873
30	40	0.88098956193
30	41	0.853883442898
30	42	0.849246249153
30	43	0.844964983617
30	44	0.841773732782
30	45	0.838302135995
30	46	0.825646060025
30	47	0.813331709714
31	0	0.741579818599
31	1	0.742554113407
31	2	0.746950728334
31	3	0.747887479015
31	4	0.748456692448
31	5	0.751823560879
31	6	0.75945218178
31	7	0.775505383785
31	8	0.779644129837
31	9	0.790591454006
31	10	0.801318823928
31	11	0.801500493045
31	12	0.801813937109
31	13	0.808419110035
31	14	0.866088742338
31	15	0.871247231352
31	16	0.873668086572
31	17	0.870244284447
31	18	0.875794640292
31	19	0.876767206094
31	20	0.885126825977
31	21	0.892421131243
31	22	0.896776867532
31	23	0.901946718585
31	24	0.912793513412
31	25	0.924995725342
31	26	0.93444955894
31	27	0.949061387551
31	28	0.958895849441
31	29	0.971782130193
31	30	0.985638383239
31	31	1.0
31	32	0.97595755587
31	33	0.964730379751
31	34	0.953646093617
31	35	0.945507168983
31	36	0.933279268966
31	37	0.91825630746
31	38	0.902454058307
31	39	0.881259904348
31	40	0.890849835408
31	41	0.862291845446
31	42	0.857548441341
31	43	0.853221974652
31	44	0.849842756179
31	45	0.846257292005
31	46	0.833729903471
31	47	0.820615023443
32	0	0.734483361005
32	1	0.735491741928
32	2	0.739941462036
32	3	0.740884881739
32	4	0.741425443075
32	5	0.744688324153
32	6	0.752284587944
32	7	0.768147352302
32	8	0.772141602864
32	9	0.782947642553
32	10	0.79373256367
32	11	0.793914479788
32	12	0.794181487695
32	13	0.800663160202
32	14	0.851712923028
32	15	0.856704933477
32	16	0.85926509717
32	17	0.855715324617
32	18	0.860949519389
32	19	0.861791668748
32	20	0.869923553858
32	21	0.877175127979
32	22	0.881061315673
32	23	0.885899691601
32	24	0.896406860275
32	25	0.908175585733
32	26	0.917251014047
32	27	0.930982778669
32	28	0.940193069441
32	29	0.952047380689
32	30	0.964550069139
32	31	0.97595755587
32	32	1.0
32	33	0.985280479024
32	34	0.973609812899
32	35	0.964236872075
32	36	0.950470897836
32	37	0.934046947573
32	38	0.917906307271
32	39	0.895078242764
32	40	0.904238886367
32	41	0.874963111969
32	42	0.869521436493
32	43	0.864883501746
32	44	0.8609823705
32	45	0.857233391772
32	46	0.844261401729
32	47	0.826839568077
33	0	0.729456399937
33	1	0.730567533209
33	2	0.735100739601
33	3	0.736000934157
33	4	0.736566195576
33	5	0.73958627483
33	6	0.747075093257
33	7	0.762904265501
33	8	0.766749327556
33	9	0.777430878822
33	10	0.788116505603
33	11	0.788190235353
33	12	0.78843377818
33	13	0.7949781889
33	14	0.843724915907
33	15	0.848719643365
33	16	0.851096038434
33	17	0.847531445831
33	18	0.852480848636
33	19	0.85321851664
33	20	0.861177254162
33	21	0.868344847998
33	22	0.872098643243
33	23	0.876842911851
33	24	0.886972169242
33	25	0.898070040422
33	26	0.907235871043
33	27	0.920393358716
33	28	0.929581913413
33	29	0.941073133429
33	30	0.953653133141
33	31	0.964730379751
33	32	0.985280479024
33	33	1.0
33	34	0.98259051639
33	35	0.973508295554
33	36	0.960179018798
33	37	0.943422852406
33	38	0.926573072697
33	39	0.903303617692
33	40	0.911352016518
33	41	0.882322748956
33	42	0.876870452444
33	43	0.872270802827
33	44	0.868138231796
33	45	0.864426056193
33	46	0.851161123155
33	47	0.831605449258
34	0	0.722966082401
34	1	0.723999904411
34	2	0.728596343017
34	3	0.729268061797
34	4	0.729852342281
34	5	0.7327442281
34	6	0.740126589165
34	7	0.755764088758
34	8	0.759497259433
34	9	0.769940948892
34	10	0.780390442871
34	11	0.780355492252
34	12	0.78058767304
34	13	0.787255090178
34	14	0.83512842222
34	15	0.839930983026
34	16	0.842274032981
34	17	0.838612369049
34	18	0.843470875544
34	19	0.843994393822
34	20	0.851832841935
34	21	0.859338085918
34	22	0.863021485924
34	23	0.867724752392
34	24	0.877689507225
34	25	0.888720194177
34	26	0.897271733712
34	27	0.910456638478
34	28	0.919624939107
34	29	0.930914606438
34	30	0.943093723789
34	31	0.953646093617
34	32	0.973609812899
34	33	0.98259051639
34	34	1.0
34	35	0.986800769185
34	36	0.970756459211
34	37	0.952666488291
34	38	0.934787456087
34	39	0.911908509407
34	40	0.918394133928
34	41	0.889611867205
34	42	0.883788081431
34	43	0.87955226405
34	44	0.875469587188
34	45	0.871175477609
34	46	0.857467425066
34	47	0.834341601048
35	0	0.720246850168
35	1	0.721265605127
35	2	0.725795353507
35	3	0.726346041876
35	4	0.726890308224
35	5	0.729659681627
35	6	0.737002275557
35	7	0.752582717956
35	8	0.756198316232
35	9	0.766680290821
35	10	0.776939594154
35	11	0.776795716166
35	12	0.777101503204
35	13	0.783772625354
35	14	0.829551884286
35	15	0.834388778208
35	16	0.836716761113
35	17	0.832918258716
35	18	0.837476659193
35	19	0.837914221178
35	20	0.845696353101
35	21	0.853300644419
35	22	0.856797805793
35	23	0.861343238726
35	24	0.871046913672
35	25	0.882099830699
35	26	0.890631363166
35	27	0.903602365206
35	28	0.913023594693
35	29	0.923881504559
35	30	0.935005187326
35	31	0.945507168983
35	32	0.964236872075
35	33	0.973508295554
35	34	0.986800769185
35	35	1.0
35	36	0.98084100945
35	37	0.961354495789
35	38	0.941836860022
35	39	0.918256924962
35	40	0.924751194511
35	41	0.895666845763
35	42	0.890172312108
35	43	0.885111264924
35	44	0.881477388586
35	45	0.877424845827
35	46	0.863342587014
35	47	0.838720678916
36	0	0.717982222979
36	1	0.719077301197
36	2	0.723598157547
36	3	0.724180215023
36	4	0.724614812998
36	5	0.727284892064
36	6	0.734656879094
36	7	0.750140003163
36	8	0.753674585164
36	9	0.76406739245
36	10	0.774277542616
36	11	0.774145520668
36	12	0.774438957664
36	13	0.780993495418
36	14	0.821782102406
36	15	0.826608622293
36	16	0.828921044144
36	17	0.825372753597
36	18	0.829459629473
36	19	0.829868045359
36	20	0.837292520067
36	21	0.844635731499
36	22	0.848076329681
36	23	0.852256448374
36	24	0.861531576865
36	25	0.871952418746
36	26	0.880267331478
36	27	0.892524254093
36	28	0.901595236391
36	29	0.911813414084
36	30	0.923619560169
36	31	0.933279268966
36	32	0.950470897836
36	33	0.960179018798
36	34	0.970756459211
36	35	0.98084100945
36	36	1.0
36	37	0.976453780555
36	38	0.95594443642
36	39	0.932044141273
36	40	0.936998113593
36	41	0.908340335293
36	42	0.902885321771
36	43	0.897768452398
36	44	0.89397254351
36	45	0.889862696556
36	46	0.875014982145
36	47	0.849189685961
37	0	0.713233755357
37	1	0.714285361427
37	2	0.718750642588
37	3	0.71909879027
37	4	0.719281694391
37	5	0.721764546821
37	6	0.729061939598
37	7	0.744369940072
37	8	0.747696547367
37	9	0.7579265811
37	10	0.768124134223
37	11	0.767691018253
37	12	0.767920482032
37	13	0.774398696527
37	14	0.812259108573
37	15	0.817114280557
37	16	0.819227866733
37	17	0.815592631891
37	18	0.819206501161
37	19	0.819496603646
37	20	0.82669037957
37	21	0.833720887941
37	22	0.836974259487
37	23	0.840814505025
37	24	0.849963663089
37	25	0.859278188214
37	26	0.866843700401
37	27	0.87848904894
37	28	0.886851879834
37	29	0.896518010653
37	30	0.907556725132
37	31	0.91825630746
37	32	0.934046947573
37	33	0.943422852406
37	34	0.952666488291
37	35	0.961354495789
37	36	0.976453780555
37	37	1.0
37	38	0.975240759436
37	39	0.948957894199
37	40	0.955061408422
37	41	0.924510121693
37	42	0.91884836847
37	43	0.914194131668
37	44	0.90966216028
37	45	0.90556515737
37	46	0.891636039077
37	47	0.861073019808
38	0	0.710830313697
38	1	0.711828814587
38	2	0.716139226222
38	3	0.716282857209
38	4	0.71635386995
38	5	0.718617879637
38	6	0.725878222288
38	7	0.740994550112
38	8	0.744294481316
38	9	0.754204401962
38	10	0.764156436252
38	11	0.76362279094
38	12	0.763852007719
38	13	0.77052955189
38	14	0.803596912662
38	15	0.808334018246
38	16	0.810425868348
38	17	0.806905488896
38	18	0.810237036207
38	19	0.810434266377
38	20	0.817347943351
38	21	0.824076616696
38	22	0.827307758167
38	23	0.831092181516
38	24	0.840206512461
38	25	0.848686915754
38	26	0.856459414644
38	27	0.866894459073
38	28	0.874164311256
38	29	0.882713751284
38	30	0.892560192715
38	31	0.902454058307
38	32	0.917906307271
38	33	0.926573072697
38	34	0.934787456087
38	35	0.941836860022
38	36	0.95594443642
38	37	0.975240759436
38	38	1.0
38	39	0.968288550332
38	40	0.962891952509
38	41	0.935687527143
38	42	0.928074467295
38	43	0.926342744415
38	44	0.924739708972
38	45	0.920547610739
38	46	0.905807094692
38	47	0.872553001286
39	0	0.700674874216
39	1	0.701533819633
39	2	0.705288726382
39	3	0.705434333376
39	4	0.705401605765
39	5	0.707453688732
39	6	0.714527051748
39	7	0.729386251699
39	8	0.732561200478
39	9	0.742333294657
39	10	0.751783670244
39	11	0.751111704462
39	12	0.751299178099
39	13	0.758043165496
39	14	0.789510207835
39	15	0.794088244878
39	16	0.795860722896
39	17	0.792360350511
39	18	0.79569412083
39	19	0.79587060293
39	20	0.802257674115
39	21	0.808819868896
39	22	0.811577756759
39	23	0.815148771384
39	24	0.823619912145
39	25	0.831563088615
39	26	0.838394267308
39	27	0.848648507124
39	28	0.85524182401
39	29	0.863023832432
39	30	0.87194747873
39	31	0.881259904348
39	32	0.895078242764
39	33	0.903303617692
39	34	0.911908509407
39	35	0.918256924962
39	36	0.932044141273
39	37	0.948957894199
39	38	0.968288550332
39	39	1.0
39	40	0.956904158179
39	41	0.961184682712
39	42	0.953304861958
39	43	0.951687994469
39	44	0.950005177755
39	45	0.94619247281
39	46	0.929653296655
39	47	0.893614268794
40	0	0.711088553073
40	1	0.712042346812
40	2	0.716206286949
40	3	0.716248894594
40	4	0.716278905196
40	5	0.718247748881
40	6	0.725038789938
40	7	0.739683593161
40	8	0.742724173484
40	9	0.75209785531
40	10	0.760938879828
40	11	0.76034743632
40	12	0.760464267716
40	13	0.766972616314
40	14	0.800203985643
40	15	0.804908240115
40	16	0.806624895943
40	17	0.803419195559
40	18	0.80661513941
40	19	0.806904747893
40	20	0.813057909285
40	21	0.819151790475
40	22	0.820948351075
40	23	0.82456950687
40	24	0.832704973492
40	25	0.840203795452
40	26	0.84707153027
40	27	0.85774542451
40	28	0.864516829001
40	29	0.871949578237
40	30	0.88098956193
40	31	0.890849835408
40	32	0.904238886367
40	33	0.911352016518
40	34	0.918394133928
40	35	0.924751194511
40	36	0.936998113593
40	37	0.955061408422
40	38	0.962891952509
40	39	0.956904158179
40	40	1.0
40	41	0.960018962254
40	42	0.954647435017
40	43	0.949437940329
40	44	0.944961791132
40	45	0.940592593297
40	46	0.924453805502
40	47	0.888183090854
41	0	0.697497084927
41	1	0.698329354253
41	2	0.701751550872
41	3	0.701830220639
41	4	0.701693752676
41	5	0.703347670291
41	6	0.710028548974
41	7	0.723992123884
41	8	0.726619471805
41	9	0.735475192872
