day	hour	value
0	0	0.0
0	1	0.00437179134332
0	2	0.0101479059547
0	3	0.0131352575975
0	4	0.0139228197714
0	5	0.0197382075161
0	6	0.0280181696287
0	7	0.0439994943893
0	8	0.0483449801433
0	9	0.0611440695994
0	10	0.0727658295582
0	11	0.0728420293169
0	12	0.0740360313709
0	13	0.0805396869524
0	14	0.186370777775
0	15	0.189265998105
0	16	0.189826443008
0	17	0.190485811747
0	18	0.196065560692
0	19	0.196859050886
0	20	0.200805259784
0	21	0.204988342487
0	22	0.207245065649
0	23	0.212582630271
0	24	0.219142725544
0	25	0.223191439791
0	26	0.227990789586
0	27	0.239158685504
0	28	0.243552953923
0	29	0.249398228769
0	30	0.254486693046
0	31	0.258420181401
0	32	0.265516638995
0	33	0.270543600063
0	34	0.277033917599
0	35	0.279753149832
0	36	0.282017777021
0	37	0.286766244643
0	38	0.289169686303
0	39	0.299325125784
0	40	0.288911446927
0	41	0.302502915073
0	42	0.303744588289
0	43	0.304717771593
0	44	0.305767278156
0	45	0.306812585705
0	46	0.3136144948
0	47	0.315694365361
1	0	0.00437179134332
1	1	0.0
1	2	0.00725886064565
1	3	0.0108123382106
1	4	0.0117199427921
1	5	0.017691188066
1	6	0.0259916512482
1	7	0.0422335618935
1	8	0.0465442205293
1	9	0.059348497003
1	10	0.0710940043819
1	11	0.0712601124459
1	12	0.0725252507414
1	13	0.0790185322877
1	14	0.184843942091
1	15	0.187866367853
1	16	0.188406311686
1	17	0.189105941562
1	18	0.194716812612
1	19	0.195566618998
1	20	0.199521472925
1	21	0.203730984718
1	22	0.206060326126
1	23	0.211483353039
1	24	0.218072100409
1	25	0.222098090579
1	26	0.226910037416
1	27	0.238178956677
1	28	0.242604841204
1	29	0.248387871839
1	30	0.253533887311
1	31	0.257445886593
1	32	0.264508258072
1	33	0.269432466791
1	34	0.276000095589
1	35	0.278734394873
1	36	0.280922698803
1	37	0.285714638573
1	38	0.288171185413
1	39	0.298466180367
1	40	0.287957653188
1	41	0.301670645747
1	42	0.30291725898
1	43	0.304000357657
1	44	0.305051840227
1	45	0.306010697483
1	46	0.3129667351
1	47	0.314868518057
2	0	0.0101479059547
2	1	0.00725886064565
2	2	0.0
2	3	0.00459779711067
2	4	0.00582230376818
2	5	0.0119486655687
2	6	0.020708056309
2	7	0.0371386755951
2	8	0.0415387485344
2	9	0.0544040342153
2	10	0.0662992241025
2	11	0.0664334690583
2	12	0.067768508591
2	13	0.074340336404
2	14	0.180238117453
2	15	0.183295864335
2	16	0.183860755253
2	17	0.184517653984
2	18	0.190235229396
2	19	0.191095409817
2	20	0.195052486752
2	21	0.199351659849
2	22	0.20151081768
2	23	0.206967436706
2	24	0.213503078896
2	25	0.217604157321
2	26	0.222441545245
2	27	0.23374726763
2	28	0.238229715349
2	29	0.24391419265
2	30	0.249147646419
2	31	0.253049271666
2	32	0.260058537964
2	33	0.264899260399
2	34	0.271403656983
2	35	0.274204646493
2	36	0.276401842453
2	37	0.281249357412
2	38	0.283860773778
2	39	0.294711273618
2	40	0.283793713051
2	41	0.298248449128
2	42	0.299522479454
2	43	0.300644357263
2	44	0.301737088973
2	45	0.302669270138
2	46	0.309707559035
2	47	0.311394698263
3	0	0.0131352575975
3	1	0.0108123382106
3	2	0.00459779711067
3	3	0.0
3	4	0.00236243952107
3	5	0.00854338850694
3	6	0.0173494624058
3	7	0.033828740857
3	8	0.0383864003314
3	9	0.0512531680173
3	10	0.063225669167
3	11	0.0633890602217
3	12	0.0647675719021
3	13	0.071368545814
3	14	0.178417350772
3	15	0.181394328379
3	16	0.181947610258
3	17	0.182674410225
3	18	0.18843101177
3	19	0.189337875349
3	20	0.193368805535
3	21	0.197732692852
3	22	0.199874560624
3	23	0.205429485984
3	24	0.212030830398
3	25	0.21618723701
3	26	0.221056241041
3	27	0.232408152584
3	28	0.236967664564
3	29	0.242825536453
3	30	0.24816445958
3	31	0.252112520985
3	32	0.259115118261
3	33	0.263999065843
3	34	0.270731938203
3	35	0.273653958124
3	36	0.275819784977
3	37	0.28090120973
3	38	0.283717142791
3	39	0.294565666624
3	40	0.283751105406
3	41	0.298169779361
3	42	0.299401078541
3	43	0.30055210245
3	44	0.301664347226
3	45	0.302669640639
3	46	0.30965309535
3	47	0.310783247687
4	0	0.0139228197714
4	1	0.0117199427921
4	2	0.00582230376818
4	3	0.00236243952107
4	4	0.0
4	5	0.00697555068374
4	6	0.0161696629
4	7	0.0328826041447
4	8	0.0373283722392
4	9	0.0502998682806
4	10	0.0623222635997
4	11	0.0625130717475
4	12	0.0638980054497
4	13	0.0704120350665
4	14	0.177508758187
4	15	0.18058157212
4	16	0.181176103138
4	17	0.18197774436
4	18	0.187687168745
4	19	0.188667391573
4	20	0.192673127673
4	21	0.197023676945
4	22	0.199206052854
4	23	0.204761966218
4	24	0.211309217448
4	25	0.215508602206
4	26	0.220413174358
4	27	0.231790526987
4	28	0.236332254907
4	29	0.242188150789
4	30	0.247562889038
4	31	0.251543307552
4	32	0.258574556925
4	33	0.263433804424
4	34	0.270147657719
4	35	0.273109691776
4	36	0.275385187002
4	37	0.280718305609
4	38	0.28364613005
4	39	0.294598394235
4	40	0.283721094804
4	41	0.298306247324
4	42	0.299514575427
4	43	0.3005080128
4	44	0.301604943524
4	45	0.302639877038
4	46	0.309711511048
4	47	0.310761388113
5	0	0.0197382075161
5	1	0.017691188066
5	2	0.0119486655687
5	3	0.00854338850694
5	4	0.00697555068374
5	5	0.0
5	6	0.0100865262463
5	7	0.0270995735098
5	8	0.0316236408702
5	9	0.0446462660852
5	10	0.0567474546718
5	11	0.0568528005295
5	12	0.0583343115596
5	13	0.0648972473424
5	14	0.173053357059
5	15	0.176224724327
5	16	0.176870137518
5	17	0.177710804873
5	18	0.183559784731
5	19	0.184551616599
5	20	0.188585263794
5	21	0.193058819483
5	22	0.195299734591
5	23	0.200961611315
5	24	0.207580245787
5	25	0.211822855692
5	26	0.216755338939
5	27	0.228251004969
5	28	0.232815456967
5	29	0.238715813
5	30	0.2441058653
5	31	0.248176439121
5	32	0.255311675847
5	33	0.26041372517
5	34	0.2672557719
5	35	0.270340318373
5	36	0.272715107936
5	37	0.278235453179
5	38	0.281382120363
5	39	0.292546311268
5	40	0.281752251119
5	41	0.296652329709
5	42	0.297966868172
5	43	0.298987228636
5	44	0.300195309738
5	45	0.301312988533
5	46	0.308505652954
5	47	0.309617527229
6	0	0.0280181696287
6	1	0.0259916512482
6	2	0.020708056309
6	3	0.0173494624058
6	4	0.0161696629
6	5	0.0100865262463
6	6	0.0
6	7	0.0182070493175
6	8	0.0229642854695
6	9	0.0361425212129
6	10	0.0482708798917
6	11	0.0485254142559
6	12	0.0499842012089
6	13	0.0566125922139
6	14	0.164757092892
6	15	0.167983788347
6	16	0.168630189542
6	17	0.169392310629
6	18	0.17523906748
6	19	0.176241026382
6	20	0.180279613594
6	21	0.18485839164
6	22	0.187129934853
6	23	0.192849856773
6	24	0.19952283143
6	25	0.203786189405
6	26	0.208715955643
6	27	0.220368714207
6	28	0.224986024384
6	29	0.231000247804
6	30	0.236428091232
6	31	0.24054781822
6	32	0.247715412056
6	33	0.252924906743
6	34	0.259873410835
6	35	0.262997724443
6	36	0.265343120906
6	37	0.270938060402
6	38	0.274121777712
6	39	0.285472948252
6	40	0.274961210062
6	41	0.289971451026
6	42	0.291456667068
6	43	0.292679815221
6	44	0.293968665597
6	45	0.295116478494
6	46	0.302221210617
6	47	0.303271828684
7	0	0.0439994943893
7	1	0.0422335618935
7	2	0.0371386755951
7	3	0.033828740857
7	4	0.0328826041447
7	5	0.0270995735098
7	6	0.0182070493175
7	7	0.0
7	8	0.00565335519455
7	9	0.0190753807657
7	10	0.0314334502244
7	11	0.0316664955157
7	12	0.0330687192766
7	13	0.0396958752774
7	14	0.147940164294
7	15	0.151301969208
7	16	0.152033585692
7	17	0.152880181066
7	18	0.158797827158
7	19	0.159828932159
7	20	0.163844795294
7	21	0.168521879674
7	22	0.170769957807
7	23	0.176559286963
7	24	0.183295493834
7	25	0.1875855279
7	26	0.192520481155
7	27	0.204182625751
7	28	0.208799688927
7	29	0.214868252531
7	30	0.220256575826
7	31	0.224494616215
7	32	0.231852647698
7	33	0.237095734499
7	34	0.244235911242
7	35	0.247417282044
7	36	0.249859996837
7	37	0.255630059928
7	38	0.259005449888
7	39	0.270613748301
7	40	0.260316406839
7	41	0.276007876116
7	42	0.277950537712
7	43	0.279184800902
7	44	0.280704350061
7	45	0.28205297464
7	46	0.289200931909
7	47	0.289871662687
8	0	0.0483449801433
8	1	0.0465442205293
8	2	0.0415387485344
8	3	0.0383864003314
8	4	0.0373283722392
8	5	0.0316236408702
8	6	0.0229642854695
8	7	0.00565335519455
8	8	0.0
8	9	0.0140170505914
8	10	0.026468733368
8	11	0.0268319481012
8	12	0.0283799023569
8	13	0.0349512361682
8	14	0.143213803247
8	15	0.146699355581
8	16	0.1473235267
8	17	0.148113311882
8	18	0.154096907198
8	19	0.15526089865
8	20	0.159316528919
8	21	0.16404400147
8	22	0.166243420438
8	23	0.172115494875
8	24	0.17890283092
8	25	0.183314389398
8	26	0.188230817591
8	27	0.199963357426
8	28	0.204621669742
8	29	0.210663804256
8	30	0.216071146616
8	31	0.220355870163
8	32	0.227858397136
8	33	0.233250672444
8	34	0.240502740567
8	35	0.243801683768
8	36	0.246325414836
8	37	0.252303452633
8	38	0.255705518684
8	39	0.267438799522
8	40	0.257275826516
8	41	0.273380528195
8	42	0.275556605584
8	43	0.276975872402
8	44	0.278576437837
8	45	0.280045598825
8	46	0.287264939336
8	47	0.288100172672
9	0	0.0611440695994
9	1	0.059348497003
9	2	0.0544040342153
9	3	0.0512531680173
9	4	0.0502998682806
9	5	0.0446462660852
9	6	0.0361425212129
9	7	0.0190753807657
9	8	0.0140170505914
9	9	0.0
9	10	0.0134386981277
9	11	0.0137248485993
9	12	0.0153276370412
9	13	0.0220760704538
9	14	0.131470889377
9	15	0.135178742466
9	16	0.135754007419
9	17	0.136748062294
9	18	0.142621248235
9	19	0.143802282745
9	20	0.147823085896
9	21	0.152668377847
9	22	0.154725277331
9	23	0.16078037939
9	24	0.167583523488
9	25	0.172062513195
9	26	0.177036986585
9	27	0.188825842611
9	28	0.19347032288
9	29	0.199534440469
9	30	0.205058614225
9	31	0.209408545994
9	32	0.217052357447
9	33	0.222569121178
9	34	0.230059051108
9	35	0.233319709179
9	36	0.23593260755
9	37	0.2420734189
9	38	0.245795598038
9	39	0.257666705343
9	40	0.24790214469
9	41	0.264524807128
9	42	0.266983947477
9	43	0.268785818595
9	44	0.270583737699
9	45	0.27215071102
9	46	0.279481942911
9	47	0.280165270731
10	0	0.0727658295582
10	1	0.0710940043819
10	2	0.0662992241025
10	3	0.063225669167
10	4	0.0623222635997
10	5	0.0567474546718
10	6	0.0482708798917
10	7	0.0314334502244
10	8	0.026468733368
10	9	0.0134386981277
10	10	0.0
10	11	0.00367450797587
10	12	0.00320989939841
10	13	0.0111819749656
10	14	0.120788967609
10	15	0.124488175669
10	16	0.125157547941
10	17	0.125986853257
10	18	0.131998853669
10	19	0.133027982663
10	20	0.136975673567
10	21	0.141891607757
10	22	0.144047801578
10	23	0.150105373645
10	24	0.156888016674
10	25	0.161452468672
10	26	0.166407428995
10	27	0.178176277953
10	28	0.182845458306
10	29	0.18893155897
10	30	0.194358167395
10	31	0.198681176072
10	32	0.20626743633
10	33	0.211883494397
10	34	0.219609557129
10	35	0.223060405846
10	36	0.225722457384
10	37	0.231875865777
10	38	0.235843563748
10	39	0.248216329756
10	40	0.239061120172
10	41	0.25655544857
10	42	0.259245287703
10	43	0.261311202717
10	44	0.263361803679
10	45	0.265015474294
10	46	0.272546776864
10	47	0.273398312256
11	0	0.0728420293169
11	1	0.0712601124459
11	2	0.0664334690583
11	3	0.0633890602217
11	4	0.0625130717475
11	5	0.0568528005295
11	6	0.0485254142559
11	7	0.0316664955157
11	8	0.0268319481012
11	9	0.0137248485993
11	10	0.00367450797587
11	11	0.0
11	12	0.00229488479171
11	13	0.0109516466836
11	14	0.119309309085
11	15	0.1231132455
11	16	0.123933782286
11	17	0.125064181624
11	18	0.130826217188
11	19	0.132171260254
11	20	0.136167363322
11	21	0.141179380839
11	22	0.143303711552
11	23	0.149492194063
11	24	0.156213086883
11	25	0.16088646625
11	26	0.166022478188
11	27	0.178024248937
11	28	0.182539547767
11	29	0.188624413427
11	30	0.194055714868
11	31	0.198499506955
11	32	0.206085520212
11	33	0.211809764647
11	34	0.219644507748
11	35	0.223204283834
11	36	0.225854479332
11	37	0.232308981747
11	38	0.23637720906
11	39	0.248888295538
11	40	0.23965256368
11	41	0.257184189205
11	42	0.259597387398
11	43	0.261661326406
11	44	0.263730699432
11	45	0.265383629044
11	46	0.272931974672
11	47	0.273794872102
12	0	0.0740360313709
12	1	0.0725252507414
12	2	0.067768508591
12	3	0.0647675719021
12	4	0.0638980054497
12	5	0.0583343115596
12	6	0.0499842012089
12	7	0.0330687192766
12	8	0.0283799023569
12	9	0.0153276370412
12	10	0.00320989939841
12	11	0.00229488479171
12	12	0.0
12	13	0.0092100437704
12	14	0.118931891804
12	15	0.122941579917
12	16	0.123772243738
12	17	0.124893998046
12	18	0.130541425221
12	19	0.131756545846
12	20	0.135867504304
12	21	0.140868900785
12	22	0.142949512349
12	23	0.149155778921
12	24	0.155909275851
12	25	0.160502873947
12	26	0.165621101825
12	27	0.177604347511
12	28	0.182106802298
12	29	0.188199077983
12	30	0.193663971538
12	31	0.198186062891
12	32	0.205818512305
12	33	0.21156622182
12	34	0.21941232696
12	35	0.222898496796
12	36	0.225561042336
12	37	0.232079517968
12	38	0.236147992281
12	39	0.248700821901
12	40	0.239535732284
12	41	0.257084647867
12	42	0.259415100779
12	43	0.26154474201
12	44	0.263614115036
12	45	0.265268279652
12	46	0.272870718464
12	47	0.273749423948
13	0	0.0805396869524
13	1	0.0790185322877
13	2	0.074340336404
13	3	0.071368545814
13	4	0.0704120350665
13	5	0.0648972473424
13	6	0.0566125922139
13	7	0.0396958752774
13	8	0.0349512361682
13	9	0.0220760704538
13	10	0.0111819749656
13	11	0.0109516466836
13	12	0.0092100437704
13	13	0.0
13	14	0.111787269046
13	15	0.115766082055
13	16	0.116663436102
13	17	0.118848035019
13	18	0.124725666975
13	19	0.126070463041
13	20	0.129201569172
13	21	0.134215562695
13	22	0.136427331705
13	23	0.142647183323
13	24	0.149243587719
13	25	0.153657122204
13	26	0.15889563949
13	27	0.170725744657
13	28	0.175346759846
13	29	0.181451385573
13	30	0.186962221284
13	31	0.191580889965
13	32	0.199336839798
13	33	0.2050218111
13	34	0.212744909822
13	35	0.216227374646
13	36	0.219006504582
13	37	0.225601303473
13	38	0.22947044811
13	39	0.241956834504
13	40	0.233027383686
13	41	0.25093296848
13	42	0.25363960367
13	43	0.255764304884
13	44	0.257833183908
13	45	0.259531067673
13	46	0.267263922928
13	47	0.268312070987
14	0	0.186370777775
14	1	0.184843942091
14	2	0.180238117453
14	3	0.178417350772
14	4	0.177508758187
14	5	0.173053357059
14	6	0.164757092892
14	7	0.147940164294
14	8	0.143213803247
14	9	0.131470889377
14	10	0.120788967609
14	11	0.119309309085
14	12	0.118931891804
14	13	0.111787269046
14	14	0.0
14	15	0.00724490509826
14	16	0.0106475886512
14	17	0.0097644371527
14	18	0.0167535728826
14	19	0.0182584254919
14	20	0.0254445443906
14	21	0.0337569871134
14	22	0.0382251087838
14	23	0.0442243886529
14	24	0.0561276060672
14	25	0.0683505660673
14	26	0.078285557299
14	27	0.0930013732629
14	28	0.102531283119
14	29	0.112887287281
14	30	0.124544244859
14	31	0.133911257662
14	32	0.148287076972
14	33	0.156275084093
14	34	0.16487157778
14	35	0.170448115714
14	36	0.178217897594
14	37	0.187740891427
14	38	0.196403087338
14	39	0.210489792165
14	40	0.199796014357
14	41	0.219566208482
14	42	0.221890486374
14	43	0.225265505833
14	44	0.22878724379
14	45	0.232179800308
14	46	0.241656975486
14	47	0.247798033836
15	0	0.189265998105
15	1	0.187866367853
15	2	0.183295864335
15	3	0.181394328379
15	4	0.18058157212
15	5	0.176224724327
15	6	0.167983788347
15	7	0.151301969208
15	8	0.146699355581
15	9	0.135178742466
15	10	0.124488175669
15	11	0.1231132455
15	12	0.122941579917
15	13	0.115766082055
15	14	0.00724490509826
15	15	0.0
15	16	0.00425187243617
15	17	0.00585231437007
15	18	0.0110415549888
15	19	0.0125017004464
15	20	0.0195966760356
15	21	0.0281126474495
15	22	0.0326842624712
15	23	0.0386973743873
15	24	0.0506136828461
15	25	0.0628648009417
15	26	0.0728319022825
15	27	0.0876502235944
15	28	0.0974207122677
15	29	0.107769800405
15	30	0.119549517401
15	31	0.128752768648
15	32	0.143295066523
15	33	0.151280356635
15	34	0.160069016974
15	35	0.165611221792
15	36	0.173391377707
15	37	0.182885719443
15	38	0.191665981754
15	39	0.205911755122
15	40	0.195091759885
15	41	0.215326562588
15	42	0.217573776217
15	43	0.221095761175
15	44	0.224606878096
15	45	0.228076745878
15	46	0.237704838567
15	47	0.244193427098
16	0	0.189826443008
16	1	0.188406311686
16	2	0.183860755253
16	3	0.181947610258
16	4	0.181176103138
16	5	0.176870137518
16	6	0.168630189542
16	7	0.152033585692
16	8	0.1473235267
16	9	0.135754007419
16	10	0.125157547941
16	11	0.123933782286
16	12	0.123772243738
16	13	0.116663436102
16	14	0.0106475886512
16	15	0.00425187243617
16	16	0.0
16	17	0.00707669752716
16	18	0.0124395797355
16	19	0.0141202969419
16	20	0.0165835128052
16	21	0.0252837468446
16	22	0.0296130540437
16	23	0.0359072529141
16	24	0.0479411337721
16	25	0.0602043549088
16	26	0.0702910046556
16	27	0.0848304620206
16	28	0.0945157354045
16	29	0.105032784113
16	30	0.117010348779
16	31	0.126331913428
16	32	0.14073490283
16	33	0.148903961566
16	34	0.157725967019
16	35	0.163283238887
16	36	0.171078955856
16	37	0.180772133267
16	38	0.189574131652
16	39	0.204139277104
16	40	0.193375104057
16	41	0.21437313935
16	42	0.216814989641
16	43	0.220457017007
16	44	0.224015558089
16	45	0.227533344033
16	46	0.237247393014
16	47	0.243729312522
17	0	0.190485811747
17	1	0.189105941562
17	2	0.184517653984
17	3	0.182674410225
17	4	0.18197774436
17	5	0.177710804873
17	6	0.169392310629
17	7	0.152880181066
17	8	0.148113311882
17	9	0.136748062294
17	10	0.125986853257
17	11	0.125064181624
17	12	0.124893998046
17	13	0.118848035019
17	14	0.0097644371527
17	15	0.00585231437007
17	16	0.00707669752716
17	17	0.0
17	18	0.00836789441109
17	19	0.0101777930561
17	20	0.0194485990329
17	21	0.0282204633155
17	22	0.0327930663407
17	23	0.0388345833531
17	24	0.0509796145885
17	25	0.0634604434641
17	26	0.0733487515374
17	27	0.0883231773793
17	28	0.0981010760777
17	29	0.108735203183
17	30	0.120564567347
17	31	0.129755715553
17	32	0.144284675383
17	33	0.152468554169
17	34	0.161387630951
17	35	0.167081741284
17	36	0.174627246403
17	37	0.184407368109
17	38	0.193094511104
17	39	0.207639649489
17	40	0.196580804441
17	41	0.216792142064
17	42	0.219000329561
17	43	0.222474396356
17	44	0.225972669234
17	45	0.229464026088
17	46	0.239187955103
17	47	0.245389528659
18	0	0.196065560692
18	1	0.194716812612
18	2	0.190235229396
18	3	0.18843101177
18	4	0.187687168745
18	5	0.183559784731
18	6	0.17523906748
18	7	0.158797827158
18	8	0.154096907198
18	9	0.142621248235
18	10	0.131998853669
18	11	0.130826217188
18	12	0.130541425221
18	13	0.124725666975
18	14	0.0167535728826
18	15	0.0110415549888
18	16	0.0124395797355
18	17	0.00836789441109
18	18	0.0
18	19	0.00275615885785
18	20	0.0124715663441
18	21	0.0212661547039
18	22	0.026085264566
18	23	0.032113690534
18	24	0.0443073809346
18	25	0.0571263539583
18	26	0.0670633211967
18	27	0.0823262440182
18	28	0.0920950036856
18	29	0.102783223975
18	30	0.114821056846
18	31	0.124205359708
18	32	0.139050480611
18	33	0.147519151364
18	34	0.156529124456
18	35	0.162523340807
18	36	0.170540370527
18	37	0.180793498839
18	38	0.189762963793
18	39	0.20430587917
18	40	0.19338486059
18	41	0.213830849009
18	42	0.215940483172
18	43	0.219447154078
18	44	0.222958270999
18	45	0.226398251679
18	46	0.236287424255
18	47	0.242415391561
19	0	0.196859050886
19	1	0.195566618998
19	2	0.191095409817
19	3	0.189337875349
19	4	0.188667391573
19	5	0.184551616599
19	6	0.176241026382
19	7	0.159828932159
19	8	0.15526089865
19	9	0.143802282745
19	10	0.133027982663
19	11	0.132171260254
19	12	0.131756545846
19	13	0.126070463041
19	14	0.0182584254919
19	15	0.0125017004464
19	16	0.0141202969419
19	17	0.0101777930561
19	18	0.00275615885785
19	19	0.0
19	20	0.0104704890499
19	21	0.0196585497457
19	22	0.0248548298884
19	23	0.0307110962718
19	24	0.042992718971
19	25	0.0557857569066
19	26	0.0658217714814
19	27	0.0811032193657
19	28	0.0909458322838
19	29	0.101734828915
19	30	0.113806747902
19	31	0.123232793906
19	32	0.138208331252
19	33	0.14678148336
19	34	0.156005606178
19	35	0.162085778822
19	36	0.170131954641
19	37	0.180503396354
19	38	0.189565733623
19	39	0.20412939707
19	40	0.193095252107
19	41	0.213478008311
19	42	0.215843041341
19	43	0.219365767302
19	44	0.222893433279
19	45	0.22632501593
19	46	0.236263341673
19	47	0.242346354826
20	0	0.200805259784
20	1	0.199521472925
20	2	0.195052486752
20	3	0.193368805535
20	4	0.192673127673
20	5	0.188585263794
20	6	0.180279613594
20	7	0.163844795294
20	8	0.159316528919
20	9	0.147823085896
20	10	0.136975673567
20	11	0.136167363322
20	12	0.135867504304
20	13	0.129201569172
20	14	0.0254445443906
20	15	0.0195966760356
20	16	0.0165835128052
20	17	0.0194485990329
20	18	0.0124715663441
20	19	0.0104704890499
20	20	0.0
20	21	0.0102837564159
20	22	0.0155027606357
20	23	0.0216944541581
20	24	0.0339852158883
20	25	0.0469309003421
20	26	0.0572373808352
20	27	0.0724874596131
20	28	0.0823075954549
20	29	0.0930546019436
20	30	0.105358701719
20	31	0.114873174023
20	32	0.130076446142
20	33	0.138822745838
20	34	0.148167158065
20	35	0.154303646899
20	36	0.162707479933
20	37	0.17330962043
20	38	0.182652056649
20	39	0.197742325885
20	40	0.186942090715
20	41	0.208550712082
20	42	0.211139774872
20	43	0.214911477678
20	44	0.218635015321
20	45	0.222139216218
20	46	0.232212898421
20	47	0.238402615936
21	0	0.204988342487
21	1	0.203730984718
21	2	0.199351659849
21	3	0.197732692852
21	4	0.197023676945
21	5	0.193058819483
21	6	0.18485839164
21	7	0.168521879674
21	8	0.16404400147
21	9	0.152668377847
21	10	0.141891607757
21	11	0.141179380839
21	12	0.140868900785
21	13	0.134215562695
21	14	0.0337569871134
21	15	0.0281126474495
21	16	0.0252837468446
21	17	0.0282204633155
21	18	0.0212661547039
21	19	0.0196585497457
21	20	0.0102837564159
21	21	0.0
21	22	0.00638435417648
21	23	0.0129700140364
21	24	0.0255376637068
21	25	0.0384371590038
21	26	0.0488997440269
21	27	0.0640814035724
21	28	0.0740593729501
21	29	0.0851129074796
21	30	0.097816654612
21	31	0.107578868757
21	32	0.122824872021
21	33	0.131655152002
21	34	0.140661914082
21	35	0.146699355581
21	36	0.155364268501
21	37	0.166279112059
21	38	0.175923383304
21	39	0.191180131104
21	40	0.180848209525
21	41	0.202634918496
21	42	0.205612266605
21	43	0.20954279095
21	44	0.213563470601
21	45	0.217022470346
21	46	0.227325863328
21	47	0.233298467107
22	0	0.207245065649
22	1	0.206060326126
22	2	0.20151081768
22	3	0.199874560624
22	4	0.199206052854
22	5	0.195299734591
22	6	0.187129934853
22	7	0.170769957807
22	8	0.166243420438
22	9	0.154725277331
22	10	0.144047801578
22	11	0.143303711552
22	12	0.142949512349
22	13	0.136427331705
22	14	0.0382251087838
22	15	0.0326842624712
22	16	0.0296130540437
22	17	0.0327930663407
22	18	0.026085264566
22	19	0.0248548298884
22	20	0.0155027606357
22	21	0.00638435417648
22	22	0.0
22	23	0.00771988771095
22	24	0.0204209178341
22	25	0.0338727070063
22	26	0.0444543464336
22	27	0.0597348063146
22	28	0.0698068830118
22	29	0.0804713912205
22	30	0.0931968744267
22	31	0.103223132468
22	32	0.118938684327
22	33	0.127901356757
22	34	0.136978514076
22	35	0.143202194207
22	36	0.151923670319
22	37	0.163025740513
22	38	0.172692241833
22	39	0.188422243241
22	40	0.179051648925
22	41	0.201008541474
22	42	0.204099509969
22	43	0.207927775967
22	44	0.211991433764
22	45	0.215414124385
22	46	0.225714800358
22	47	0.232198695873
23	0	0.212582630271
23	1	0.211483353039
23	2	0.206967436706
23	3	0.205429485984
23	4	0.204761966218
23	5	0.200961611315
23	6	0.192849856773
23	7	0.176559286963
23	8	0.172115494875
23	9	0.16078037939
23	10	0.150105373645
23	11	0.149492194063
23	12	0.149155778921
23	13	0.142647183323
23	14	0.0442243886529
23	15	0.0386973743873
23	16	0.0359072529141
23	17	0.0388345833531
23	18	0.032113690534
23	19	0.0307110962718
23	20	0.0216944541581
23	21	0.0129700140364
23	22	0.00771988771095
23	23	0.0
23	24	0.0137586877142
23	25	0.0272487620164
23	26	0.0377330831133
23	27	0.0536764932451
23	28	0.0641573563303
23	29	0.0750938124623
23	30	0.0878373267297
23	31	0.0980532814154
23	32	0.114100308399
23	33	0.123157088149
23	34	0.132275247608
23	35	0.138656761274
23	36	0.147743551626
23	37	0.159185494975
23	38	0.168907818484
23	39	0.184851228616
23	40	0.17543049313
23	41	0.197756651933
23	42	0.200905171623
23	43	0.204660325373
23	44	0.208716573145
23	45	0.212155565821
23	46	0.222535035062
23	47	0.22921727225
24	0	0.219142725544
24	1	0.218072100409
24	2	0.213503078896
24	3	0.212030830398
24	4	0.211309217448
24	5	0.207580245787
24	6	0.19952283143
24	7	0.183295493834
24	8	0.17890283092
24	9	0.167583523488
24	10	0.156888016674
24	11	0.156213086883
24	12	0.155909275851
24	13	0.149243587719
24	14	0.0561276060672
24	15	0.0506136828461
24	16	0.0479411337721
24	17	0.0509796145885
24	18	0.0443073809346
24	19	0.042992718971
24	20	0.0339852158883
24	21	0.0255376637068
24	22	0.0204209178341
24	23	0.0137586877142
24	24	0.0
24	25	0.0144037304043
24	26	0.0258432037441
24	27	0.0417878488802
24	28	0.0526382252199
24	29	0.0639995227944
24	30	0.0769356977159
24	31	0.0872064865878
24	32	0.103593139725
24	33	0.113027830758
24	34	0.122310492775
24	35	0.128953086328
24	36	0.138468423135
24	37	0.150036336911
24	38	0.159793487539
24	39	0.176380087855
24	40	0.167295026508
24	41	0.189686887534
24	42	0.193160707329
24	43	0.197152734883
24	44	0.201389293267
24	45	0.204728250604
24	46	0.215347310658
24	47	0.222135758206
25	0	0.223191439791
25	1	0.222098090579
25	2	0.217604157321
25	3	0.21618723701
25	4	0.215508602206
25	5	0.211822855692
25	6	0.203786189405
25	7	0.1875855279
25	8	0.183314389398
25	9	0.172062513195
25	10	0.161452468672
25	11	0.16088646625
25	12	0.160502873947
25	13	0.153657122204
25	14	0.0683505660673
25	15	0.0628648009417
25	16	0.0602043549088
25	17	0.0634604434641
25	18	0.0571263539583
25	19	0.0557857569066
25	20	0.0469309003421
25	21	0.0384371590038
25	22	0.0338727070063
25	23	0.0272487620164
25	24	0.0144037304043
25	25	0.0
25	26	0.0127110336571
25	27	0.0288206753534
25	28	0.0394697460097
25	29	0.0515937821738
25	30	0.0645279810886
25	31	0.0750042746583
25	32	0.0918244142669
25	33	0.101929959578
25	34	0.111279805823
25	35	0.117900169301
25	36	0.128047581254
25	37	0.140721811786
25	38	0.151313084246
25	39	0.168436911385
25	40	0.159796204548
25	41	0.183351686525
25	42	0.187096219238
25	43	0.191249291339
25	44	0.195865490012
25	45	0.199299542672
25	46	0.210285398972
25	47	0.217293924267
26	0	0.227990789586
26	1	0.226910037416
26	2	0.222441545245
26	3	0.221056241041
26	4	0.220413174358
26	5	0.216755338939
26	6	0.208715955643
26	7	0.192520481155
26	8	0.188230817591
26	9	0.177036986585
26	10	0.166407428995
26	11	0.166022478188
26	12	0.165621101825
26	13	0.15889563949
26	14	0.078285557299
26	15	0.0728319022825
26	16	0.0702910046556
26	17	0.0733487515374
26	18	0.0670633211967
26	19	0.0658217714814
26	20	0.0572373808352
26	21	0.0488997440269
26	22	0.0444543464336
26	23	0.0377330831133
26	24	0.0258432037441
26	25	0.0127110336571
26	26	0.0
26	27	0.0185248158964
26	28	0.0293900122864
26	29	0.0416321148514
26	30	0.0550077042649
26	31	0.0655504410601
26	32	0.0827489859535
26	33	0.0927641289574
26	34	0.102728266288
26	35	0.109368636834
26	36	0.119732668522
26	37	0.133156299599
26	38	0.143540585356
26	39	0.161605732692
26	40	0.15292846973
26	41	0.177133810914
26	42	0.180905266719
26	43	0.184790342909
26	44	0.189290698189
26	45	0.192633360538
26	46	0.20380249146
26	47	0.211341080556
27	0	0.239158685504
27	1	0.238178956677
27	2	0.23374726763
27	3	0.232408152584
27	4	0.231790526987
27	5	0.228251004969
27	6	0.220368714207
27	7	0.204182625751
27	8	0.199963357426
27	9	0.188825842611
27	10	0.178176277953
27	11	0.178024248937
27	12	0.177604347511
27	13	0.170725744657
27	14	0.0930013732629
27	15	0.0876502235944
27	16	0.0848304620206
27	17	0.0883231773793
27	18	0.0823262440182
27	19	0.0811032193657
27	20	0.0724874596131
27	21	0.0640814035724
27	22	0.0597348063146
27	23	0.0536764932451
27	24	0.0417878488802
27	25	0.0288206753534
27	26	0.0185248158964
27	27	0.0
27	28	0.0123538704445
27	29	0.0258361642202
27	30	0.0396929112674
27	31	0.0509386124493
27	32	0.0690172213307
27	33	0.0796066412845
27	34	0.0895433615221
27	35	0.0963976347941
27	36	0.107475745907
27	37	0.12151095106
27	38	0.133105540927
27	39	0.151351492876
27	40	0.14225457549
27	41	0.166732605599
27	42	0.17101238913
27	43	0.175326011776
27	44	0.179024602333
27	45	0.182413453839
27	46	0.193870340738
27	47	0.202542663683
28	0	0.243552953923
28	1	0.242604841204
28	2	0.238229715349
28	3	0.236967664564
28	4	0.236332254907
28	5	0.232815456967
28	6	0.224986024384
28	7	0.208799688927
28	8	0.204621669742
28	9	0.19347032288
28	10	0.182845458306
28	11	0.182539547767
28	12	0.182106802298
28	13	0.175346759846
28	14	0.102531283119
28	15	0.0974207122677
28	16	0.0945157354045
28	17	0.0981010760777
28	18	0.0920950036856
28	19	0.0909458322838
28	20	0.0823075954549
28	21	0.0740593729501
28	22	0.0698068830118
28	23	0.0641573563303
28	24	0.0526382252199
28	25	0.0394697460097
28	26	0.0293900122864
28	27	0.0123538704445
28	28	0.0
28	29	0.0148501844201
28	30	0.0290626126748
28	31	0.0411041505589
28	32	0.0598069305595
28	33	0.070418086587
28	34	0.0803750608934
28	35	0.0869764053066
28	36	0.0984047636088
28	37	0.113148120166
28	38	0.125835688744
28	39	0.14475817599
28	40	0.135483170999
28	41	0.160797051946
28	42	0.16506596744
28	43	0.169429731256
28	44	0.17309769371
28	45	0.176392684897
28	46	0.188210440021
28	47	0.197555099249
29	0	0.249398228769
29	1	0.248387871839
29	2	0.24391419265
29	3	0.242825536453
29	4	0.242188150789
29	5	0.238715813
29	6	0.231000247804
29	7	0.214868252531
29	8	0.210663804256
29	9	0.199534440469
29	10	0.18893155897
29	11	0.188624413427
29	12	0.188199077983
29	13	0.181451385573
29	14	0.112887287281
29	15	0.107769800405
29	16	0.105032784113
29	17	0.108735203183
29	18	0.102783223975
29	19	0.101734828915
29	20	0.0930546019436
29	21	0.0851129074796
29	22	0.0804713912205
29	23	0.0750938124623
29	24	0.0639995227944
29	25	0.0515937821738
29	26	0.0416321148514
29	27	0.0258361642202
29	28	0.0148501844201
29	29	0.0
29	30	0.0159219210589
29	31	0.0282178698067
29	32	0.0479526193111
29	33	0.0589268665714
29	34	0.0690853935622
29	35	0.0761184954413
29	36	0.0881865859155
29	37	0.103481989347
29	38	0.117286248716
29	39	0.136976167568
29	40	0.128050421763
29	41	0.154234239664
29	42	0.158276161387
29	43	0.162568541961
29	44	0.166523025387
29	45	0.169777755438
29	46	0.181879067525
29	47	0.192638053554
30	0	0.254486693046
30	1	0.253533887311
30	2	0.249147646419
30	3	0.24816445958
30	4	0.247562889038
30	5	0.2441058653
30	6	0.236428091232
30	7	0.220256575826
30	8	0.216071146616
30	9	0.205058614225
30	10	0.194358167395
30	11	0.194055714868
30	12	0.193663971538
30	13	0.186962221284
30	14	0.124544244859
30	15	0.119549517401
30	16	0.117010348779
30	17	0.120564567347
30	18	0.114821056846
30	19	0.113806747902
30	20	0.105358701719
30	21	0.097816654612
30	22	0.0931968744267
30	23	0.0878373267297
30	24	0.0769356977159
30	25	0.0645279810886
30	26	0.0550077042649
30	27	0.0396929112674
30	28	0.0290626126748
30	29	0.0159219210589
30	30	0.0
30	31	0.0143616167613
30	32	0.0354499308614
30	33	0.0463468668592
30	34	0.056906276211
30	35	0.0649948126737
30	36	0.0763804398307
30	37	0.092443274868
30	38	0.107439807285
30	39	0.12805252127
30	40	0.11901043807
30	41	0.146116557102
30	42	0.150753750847
30	43	0.155035016383
30	44	0.158226267218
30	45	0.161697864005
30	46	0.174353939975
30	47	0.186668290286
31	0	0.258420181401
31	1	0.257445886593
31	2	0.253049271666
31	3	0.252112520985
31	4	0.251543307552
31	5	0.248176439121
31	6	0.24054781822
31	7	0.224494616215
31	8	0.220355870163
31	9	0.209408545994
31	10	0.198681176072
31	11	0.198499506955
31	12	0.198186062891
31	13	0.191580889965
31	14	0.133911257662
31	15	0.128752768648
31	16	0.126331913428
31	17	0.129755715553
31	18	0.124205359708
31	19	0.123232793906
31	20	0.114873174023
31	21	0.107578868757
31	22	0.103223132468
31	23	0.0980532814154
31	24	0.0872064865878
31	25	0.0750042746583
31	26	0.0655504410601
31	27	0.0509386124493
31	28	0.0411041505589
31	29	0.0282178698067
31	30	0.0143616167613
31	31	0.0
31	32	0.0240424441301
31	33	0.0352696202492
31	34	0.0463539063831
31	35	0.0544928310168
31	36	0.0667207310336
31	37	0.0817436925403
31	38	0.0975459416929
31	39	0.118740095652
31	40	0.109150164592
31	41	0.137708154554
31	42	0.142451558659
31	43	0.146778025348
31	44	0.150157243821
31	45	0.153742707995
31	46	0.166270096529
31	47	0.179384976557
32	0	0.265516638995
32	1	0.264508258072
32	2	0.260058537964
32	3	0.259115118261
32	4	0.258574556925
32	5	0.255311675847
32	6	0.247715412056
32	7	0.231852647698
32	8	0.227858397136
32	9	0.217052357447
32	10	0.20626743633
32	11	0.206085520212
32	12	0.205818512305
32	13	0.199336839798
32	14	0.148287076972
32	15	0.143295066523
32	16	0.14073490283
32	17	0.144284675383
32	18	0.139050480611
32	19	0.138208331252
32	20	0.130076446142
32	21	0.122824872021
32	22	0.118938684327
32	23	0.114100308399
32	24	0.103593139725
32	25	0.0918244142669
32	26	0.0827489859535
32	27	0.0690172213307
32	28	0.0598069305595
32	29	0.0479526193111
32	30	0.0354499308614
32	31	0.0240424441301
32	32	0.0
32	33	0.0147195209765
32	34	0.0263901871013
32	35	0.0357631279248
32	36	0.0495291021637
32	37	0.0659530524271
32	38	0.0820936927286
32	39	0.104921757236
32	40	0.0957611136329
32	41	0.125036888031
32	42	0.130478563507
32	43	0.135116498254
32	44	0.1390176295
32	45	0.142766608228
32	46	0.155738598271
32	47	0.173160431923
33	0	0.270543600063
33	1	0.269432466791
33	2	0.264899260399
33	3	0.263999065843
33	4	0.263433804424
33	5	0.26041372517
33	6	0.252924906743
33	7	0.237095734499
33	8	0.233250672444
33	9	0.222569121178
33	10	0.211883494397
33	11	0.211809764647
33	12	0.21156622182
33	13	0.2050218111
33	14	0.156275084093
33	15	0.151280356635
33	16	0.148903961566
33	17	0.152468554169
33	18	0.147519151364
33	19	0.14678148336
33	20	0.138822745838
33	21	0.131655152002
33	22	0.127901356757
33	23	0.123157088149
33	24	0.113027830758
33	25	0.101929959578
33	26	0.0927641289574
33	27	0.0796066412845
33	28	0.070418086587
33	29	0.0589268665714
33	30	0.0463468668592
33	31	0.0352696202492
33	32	0.0147195209765
33	33	0.0
33	34	0.0174094836095
33	35	0.026491704446
33	36	0.0398209812022
33	37	0.0565771475936
33	38	0.0734269273028
33	39	0.0966963823084
33	40	0.0886479834821
33	41	0.117677251044
33	42	0.123129547556
33	43	0.127729197173
33	44	0.131861768204
33	45	0.135573943807
33	46	0.148838876845
33	47	0.168394550742
34	0	0.277033917599
34	1	0.276000095589
34	2	0.271403656983
34	3	0.270731938203
34	4	0.270147657719
34	5	0.2672557719
34	6	0.259873410835
34	7	0.244235911242
34	8	0.240502740567
34	9	0.230059051108
34	10	0.219609557129
34	11	0.219644507748
34	12	0.21941232696
34	13	0.212744909822
34	14	0.16487157778
34	15	0.160069016974
34	16	0.157725967019
34	17	0.161387630951
34	18	0.156529124456
34	19	0.156005606178
34	20	0.148167158065
34	21	0.140661914082
34	22	0.136978514076
34	23	0.132275247608
34	24	0.122310492775
34	25	0.111279805823
34	26	0.102728266288
34	27	0.0895433615221
34	28	0.0803750608934
34	29	0.0690853935622
34	30	0.056906276211
34	31	0.0463539063831
34	32	0.0263901871013
34	33	0.0174094836095
34	34	0.0
34	35	0.0131992308147
34	36	0.0292435407891
34	37	0.0473335117091
34	38	0.0652125439129
34	39	0.0880914905926
34	40	0.0816058660723
34	41	0.110388132795
34	42	0.116211918569
34	43	0.12044773595
34	44	0.124530412812
34	45	0.128824522391
34	46	0.142532574934
34	47	0.165658398952
35	0	0.279753149832
35	1	0.278734394873
35	2	0.274204646493
35	3	0.273653958124
35	4	0.273109691776
35	5	0.270340318373
35	6	0.262997724443
35	7	0.247417282044
35	8	0.243801683768
35	9	0.233319709179
35	10	0.223060405846
35	11	0.223204283834
35	12	0.222898496796
35	13	0.216227374646
35	14	0.170448115714
35	15	0.165611221792
35	16	0.163283238887
35	17	0.167081741284
35	18	0.162523340807
35	19	0.162085778822
35	20	0.154303646899
35	21	0.146699355581
35	22	0.143202194207
35	23	0.138656761274
35	24	0.128953086328
35	25	0.117900169301
35	26	0.109368636834
35	27	0.0963976347941
35	28	0.0869764053066
35	29	0.0761184954413
35	30	0.0649948126737
35	31	0.0544928310168
35	32	0.0357631279248
35	33	0.026491704446
35	34	0.0131992308147
35	35	0.0
35	36	0.0191589905496
35	37	0.0386455042111
35	38	0.0581631399784
35	39	0.0817430750382
35	40	0.0752488054885
35	41	0.104333154237
35	42	0.109827687892
35	43	0.114888735076
35	44	0.118522611414
35	45	0.122575154173
35	46	0.136657412986
35	47	0.161279321084
36	0	0.282017777021
36	1	0.280922698803
36	2	0.276401842453
36	3	0.275819784977
36	4	0.275385187002
36	5	0.272715107936
36	6	0.265343120906
36	7	0.249859996837
36	8	0.246325414836
36	9	0.23593260755
36	10	0.225722457384
36	11	0.225854479332
36	12	0.225561042336
36	13	0.219006504582
36	14	0.178217897594
36	15	0.173391377707
36	16	0.171078955856
36	17	0.174627246403
36	18	0.170540370527
36	19	0.170131954641
36	20	0.162707479933
36	21	0.155364268501
36	22	0.151923670319
36	23	0.147743551626
36	24	0.138468423135
36	25	0.128047581254
36	26	0.119732668522
36	27	0.107475745907
36	28	0.0984047636088
36	29	0.0881865859155
36	30	0.0763804398307
36	31	0.0667207310336
36	32	0.0495291021637
36	33	0.0398209812022
36	34	0.0292435407891
36	35	0.0191589905496
36	36	0.0
36	37	0.0235462194453
36	38	0.0440555635797
36	39	0.0679558587271
36	40	0.0630018864072
36	41	0.0916596647075
36	42	0.0971146782286
36	43	0.102231547602
36	44	0.10602745649
36	45	0.110137303444
36	46	0.124985017855
36	47	0.150810314039
37	0	0.286766244643
37	1	0.285714638573
37	2	0.281249357412
37	3	0.28090120973
37	4	0.280718305609
37	5	0.278235453179
37	6	0.270938060402
37	7	0.255630059928
37	8	0.252303452633
37	9	0.2420734189
37	10	0.231875865777
37	11	0.232308981747
37	12	0.232079517968
37	13	0.225601303473
37	14	0.187740891427
37	15	0.182885719443
37	16	0.180772133267
37	17	0.184407368109
37	18	0.180793498839
37	19	0.180503396354
37	20	0.17330962043
37	21	0.166279112059
37	22	0.163025740513
37	23	0.159185494975
37	24	0.150036336911
37	25	0.140721811786
37	26	0.133156299599
37	27	0.12151095106
37	28	0.113148120166
37	29	0.103481989347
37	30	0.092443274868
37	31	0.0817436925403
37	32	0.0659530524271
37	33	0.0565771475936
37	34	0.0473335117091
37	35	0.0386455042111
37	36	0.0235462194453
37	37	0.0
37	38	0.0247592405638
37	39	0.0510421058007
37	40	0.0449385915778
37	41	0.075489878307
37	42	0.0811516315301
37	43	0.0858058683324
37	44	0.0903378397195
37	45	0.0944348426299
37	46	0.108363960923
37	47	0.138926980192
38	0	0.289169686303
38	1	0.288171185413
38	2	0.283860773778
38	3	0.283717142791
38	4	0.28364613005
38	5	0.281382120363
38	6	0.274121777712
38	7	0.259005449888
38	8	0.255705518684
38	9	0.245795598038
38	10	0.235843563748
38	11	0.23637720906
38	12	0.236147992281
38	13	0.22947044811
38	14	0.196403087338
38	15	0.191665981754
38	16	0.189574131652
38	17	0.193094511104
38	18	0.189762963793
38	19	0.189565733623
38	20	0.182652056649
38	21	0.175923383304
38	22	0.172692241833
38	23	0.168907818484
38	24	0.159793487539
38	25	0.151313084246
38	26	0.143540585356
38	27	0.133105540927
38	28	0.125835688744
38	29	0.117286248716
38	30	0.107439807285
38	31	0.0975459416929
38	32	0.0820936927286
38	33	0.0734269273028
38	34	0.0652125439129
38	35	0.0581631399784
38	36	0.0440555635797
38	37	0.0247592405638
38	38	0.0
38	39	0.0317114496683
38	40	0.0371080474911
38	41	0.0643124728569
38	42	0.0719255327052
38	43	0.0736572555848
38	44	0.0752602910275
38	45	0.0794523892607
38	46	0.0941929053085
38	47	0.127446998714
39	0	0.299325125784
39	1	0.298466180367
39	2	0.294711273618
39	3	0.294565666624
39	4	0.294598394235
39	5	0.292546311268
39	6	0.285472948252
39	7	0.270613748301
39	8	0.267438799522
39	9	0.257666705343
39	10	0.248216329756
39	11	0.248888295538
39	12	0.248700821901
39	13	0.241956834504
39	14	0.210489792165
39	15	0.205911755122
39	16	0.204139277104
39	17	0.207639649489
39	18	0.20430587917
39	19	0.20412939707
39	20	0.197742325885
39	21	0.191180131104
39	22	0.188422243241
39	23	0.184851228616
39	24	0.176380087855
39	25	0.168436911385
39	26	0.161605732692
39	27	0.151351492876
39	28	0.14475817599
39	29	0.136976167568
39	30	0.12805252127
39	31	0.118740095652
39	32	0.104921757236
39	33	0.0966963823084
39	34	0.0880914905926
39	35	0.0817430750382
39	36	0.0679558587271
39	37	0.0510421058007
39	38	0.0317114496683
39	39	0.0
39	40	0.0430958418212
39	41	0.0388153172877
39	42	0.0466951380417
39	43	0.0483120055313
39	44	0.0499948222449
39	45	0.05380752719
39	46	0.0703467033446
39	47	0.106385731206
40	0	0.288911446927
40	1	0.287957653188
40	2	0.283793713051
40	3	0.283751105406
40	4	0.283721094804
40	5	0.281752251119
40	6	0.274961210062
40	7	0.260316406839
40	8	0.257275826516
40	9	0.24790214469
40	10	0.239061120172
40	11	0.23965256368
40	12	0.239535732284
40	13	0.233027383686
40	14	0.199796014357
40	15	0.195091759885
40	16	0.193375104057
40	17	0.196580804441
40	18	0.19338486059
40	19	0.193095252107
40	20	0.186942090715
40	21	0.180848209525
40	22	0.179051648925
40	23	0.17543049313
40	24	0.167295026508
40	25	0.159796204548
40	26	0.15292846973
